Data columns are Qx - Qy - I(Qx,Qy)

ASCII data created at 15:11 on Jan 25 24 

-5  -5  504339
-4.79592  -5  656143
-4.59184  -5  840996
-4.38776  -5  1.0635e+06
-4.18367  -5  1.32834e+06
-3.97959  -5  1.64016e+06
-3.77551  -5  2.00335e+06
-3.57143  -5  2.42175e+06
-3.36735  -5  2.89841e+06
-3.16327  -5  3.43518e+06
-2.95918  -5  4.03235e+06
-2.7551  -5  4.68823e+06
-2.55102  -5  5.39874e+06
-2.34694  -5  6.15704e+06
-2.14286  -5  6.95325e+06
-1.93878  -5  7.77434e+06
-1.73469  -5  8.60415e+06
-1.53061  -5  9.42368e+06
-1.32653  -5  1.02116e+07
-1.12245  -5  1.09453e+07
-0.918367  -5  1.16016e+07
-0.714286  -5  1.21583e+07
-0.510204  -5  1.25954e+07
-0.306122  -5  1.28965e+07
-0.102041  -5  1.305e+07
0.102041  -5  1.30499e+07
0.306122  -5  1.28961e+07
0.510204  -5  1.25948e+07
0.714286  -5  1.21575e+07
0.918367  -5  1.16006e+07
1.12245  -5  1.09442e+07
1.32653  -5  1.02104e+07
1.53061  -5  9.42234e+06
1.73469  -5  8.60275e+06
1.93878  -5  7.77292e+06
2.14286  -5  6.95183e+06
2.34694  -5  6.15564e+06
2.55102  -5  5.3974e+06
2.7551  -5  4.68696e+06
2.95918  -5  4.03116e+06
3.16327  -5  3.43407e+06
3.36735  -5  2.89739e+06
3.57143  -5  2.42083e+06
3.77551  -5  2.00253e+06
3.97959  -5  1.63944e+06
4.18367  -5  1.3277e+06
4.38776  -5  1.06294e+06
4.59184  -5  840518
4.79592  -5  655736
5  -5  503996
-5  -4.79592  555373
-4.79592  -4.79592  719508
-4.59184  -4.79592  919488
-4.38776  -4.79592  1.16052e+06
-4.18367  -4.79592  1.44799e+06
-3.97959  -4.79592  1.78735e+06
-3.77551  -4.79592  2.18386e+06
-3.57143  -4.79592  2.6423e+06
-3.36735  -4.79592  3.16668e+06
-3.16327  -4.79592  3.7598e+06
-2.95918  -4.79592  4.42276e+06
-2.7551  -4.79592  5.15451e+06
-2.55102  -4.79592  5.95125e+06
-2.34694  -4.79592  6.80603e+06
-2.14286  -4.79592  7.70828e+06
-1.93878  -4.79592  8.64358e+06
-1.73469  -4.79592  9.59362e+06
-1.53061  -4.79592  1.05365e+07
-1.32653  -4.79592  1.14472e+07
-1.12245  -4.79592  1.22987e+07
-0.918367  -4.79592  1.30632e+07
-0.714286  -4.79592  1.37137e+07
-0.510204  -4.79592  1.42258e+07
-0.306122  -4.79592  1.45792e+07
-0.102041  -4.79592  1.47596e+07
0.102041  -4.79592  1.47595e+07
0.306122  -4.79592  1.45788e+07
0.510204  -4.79592  1.42251e+07
0.714286  -4.79592  1.37128e+07
0.918367  -4.79592  1.30621e+07
1.12245  -4.79592  1.22974e+07
1.32653  -4.79592  1.14458e+07
1.53061  -4.79592  1.0535e+07
1.73469  -4.79592  9.59211e+06
1.93878  -4.79592  8.64204e+06
2.14286  -4.79592  7.70675e+06
2.34694  -4.79592  6.80453e+06
2.55102  -4.79592  5.94981e+06
2.7551  -4.79592  5.15314e+06
2.95918  -4.79592  4.42148e+06
3.16327  -4.79592  3.75862e+06
3.36735  -4.79592  3.1656e+06
3.57143  -4.79592  2.64132e+06
3.77551  -4.79592  2.18298e+06
3.97959  -4.79592  1.78657e+06
4.18367  -4.79592  1.44731e+06
4.38776  -4.79592  1.15992e+06
4.59184  -4.79592  918974
4.79592  -4.79592  719070
5  -4.79592  555001
-5  -4.59184  598164
-4.79592  -4.59184  772656
-4.59184  -4.59184  985541
-4.38776  -4.59184  1.24266e+06
-4.18367  -4.59184  1.55016e+06
-3.97959  -4.59184  1.91435e+06
-3.77551  -4.59184  2.3415e+06
-3.57143  -4.59184  2.8375e+06
-3.36735  -4.59184  3.40751e+06
-3.16327  -4.59184  4.05553e+06
-2.95918  -4.59184  4.78377e+06
-2.7551  -4.59184  5.59212e+06
-2.55102  -4.59184  6.47744e+06
-2.34694  -4.59184  7.43293e+06
-2.14286  -4.59184  8.44756e+06
-1.93878  -4.59184  9.50566e+06
-1.73469  -4.59184  1.05867e+07
-1.53061  -4.59184  1.16656e+07
-1.32653  -4.59184  1.27132e+07
-1.12245  -4.59184  1.36975e+07
-0.918367  -4.59184  1.4585e+07
-0.714286  -4.59184  1.53429e+07
-0.510204  -4.59184  1.59413e+07
-0.306122  -4.59184  1.63552e+07
-0.102041  -4.59184  1.65668e+07
0.102041  -4.59184  1.65666e+07
0.306122  -4.59184  1.63548e+07
0.510204  -4.59184  1.59406e+07
0.714286  -4.59184  1.5342e+07
0.918367  -4.59184  1.45838e+07
1.12245  -4.59184  1.36962e+07
1.32653  -4.59184  1.27118e+07
1.53061  -4.59184  1.16641e+07
1.73469  -4.59184  1.05851e+07
1.93878  -4.59184  9.50402e+06
2.14286  -4.59184  8.44593e+06
2.34694  -4.59184  7.43134e+06
2.55102  -4.59184  6.47591e+06
2.7551  -4.59184  5.59068e+06
2.95918  -4.59184  4.78242e+06
3.16327  -4.59184  4.05428e+06
3.36735  -4.59184  3.40638e+06
3.57143  -4.59184  2.83647e+06
3.77551  -4.59184  2.34058e+06
3.97959  -4.59184  1.91354e+06
4.18367  -4.59184  1.54944e+06
4.38776  -4.59184  1.24203e+06
4.59184  -4.59184  985002
4.79592  -4.59184  772195
5  -4.59184  597773
-5  -4.38776  630624
-4.79592  -4.38776  813016
-4.59184  -4.38776  1.036e+06
-4.38776  -4.38776  1.30605e+06
-4.18367  -4.38776  1.6301e+06
-3.97959  -4.38776  2.01542e+06
-3.77551  -4.38776  2.46935e+06
-3.57143  -4.38776  2.99906e+06
-3.36735  -4.38776  3.61111e+06
-3.16327  -4.38776  4.31093e+06
-2.95918  -4.38776  5.10222e+06
-2.7551  -4.38776  5.98619e+06
-2.55102  -4.38776  6.96078e+06
-2.34694  -4.38776  8.01975e+06
-2.14286  -4.38776  9.152e+06
-1.93878  -4.38776  1.03408e+07
-1.73469  -4.38776  1.15635e+07
-1.53061  -4.38776  1.27917e+07
-1.32653  -4.38776  1.39914e+07
-1.12245  -4.38776  1.51249e+07
-0.918367  -4.38776  1.61521e+07
-0.714286  -4.38776  1.7033e+07
-0.510204  -4.38776  1.77308e+07
-0.306122  -4.38776  1.82148e+07
-0.102041  -4.38776  1.84625e+07
0.102041  -4.38776  1.84624e+07
0.306122  -4.38776  1.82143e+07
0.510204  -4.38776  1.77301e+07
0.714286  -4.38776  1.7032e+07
0.918367  -4.38776  1.61508e+07
1.12245  -4.38776  1.51235e+07
1.32653  -4.38776  1.39899e+07
1.53061  -4.38776  1.279e+07
1.73469  -4.38776  1.15618e+07
1.93878  -4.38776  1.03391e+07
2.14286  -4.38776  9.15029e+06
2.34694  -4.38776  8.01809e+06
2.55102  -4.38776  6.95919e+06
2.7551  -4.38776  5.9847e+06
2.95918  -4.38776  5.10082e+06
3.16327  -4.38776  4.30964e+06
3.36735  -4.38776  3.60994e+06
3.57143  -4.38776  2.998e+06
3.77551  -4.38776  2.46841e+06
3.97959  -4.38776  2.01458e+06
4.18367  -4.38776  1.62937e+06
4.38776  -4.38776  1.30541e+06
4.59184  -4.38776  1.03545e+06
4.79592  -4.38776  812543
5  -4.38776  630222
-5  -4.18367  651015
-4.79592  -4.18367  838420
-4.59184  -4.18367  1.06815e+06
-4.38776  -4.18367  1.34729e+06
-4.18367  -4.18367  1.68359e+06
-3.97959  -4.18367  2.08528e+06
-3.77551  -4.18367  2.56091e+06
-3.57143  -4.18367  3.11904e+06
-3.36735  -4.18367  3.76784e+06
-3.16327  -4.18367  4.51451e+06
-2.95918  -4.18367  5.36458e+06
-2.7551  -4.18367  6.32109e+06
-2.55102  -4.18367  7.38353e+06
-2.34694  -4.18367  8.54684e+06
-2.14286  -4.18367  9.80029e+06
-1.93878  -4.18367  1.11266e+07
-1.73469  -4.18367  1.25011e+07
-1.53061  -4.18367  1.38919e+07
-1.32653  -4.18367  1.52601e+07
-1.12245  -4.18367  1.6561e+07
-0.918367  -4.18367  1.77466e+07
-0.714286  -4.18367  1.87685e+07
-0.510204  -4.18367  1.95812e+07
-0.306122  -4.18367  2.01465e+07
-0.102041  -4.18367  2.04364e+07
0.102041  -4.18367  2.04362e+07
0.306122  -4.18367  2.0146e+07
0.510204  -4.18367  1.95804e+07
0.714286  -4.18367  1.87674e+07
0.918367  -4.18367  1.77453e+07
1.12245  -4.18367  1.65595e+07
1.32653  -4.18367  1.52585e+07
1.53061  -4.18367  1.38902e+07
1.73469  -4.18367  1.24993e+07
1.93878  -4.18367  1.11248e+07
2.14286  -4.18367  9.79852e+06
2.34694  -4.18367  8.54513e+06
2.55102  -4.18367  7.3819e+06
2.7551  -4.18367  6.31956e+06
2.95918  -4.18367  5.36316e+06
3.16327  -4.18367  4.5132e+06
3.36735  -4.18367  3.76666e+06
3.57143  -4.18367  3.11798e+06
3.77551  -4.18367  2.55996e+06
3.97959  -4.18367  2.08444e+06
4.18367  -4.18367  1.68286e+06
4.38776  -4.18367  1.34665e+06
4.59184  -4.18367  1.06759e+06
4.79592  -4.18367  837947
5  -4.18367  650613
-5  -3.97959  658082
-4.79592  -3.97959  847259
-4.59184  -3.97959  1.07991e+06
-4.38776  -3.97959  1.36371e+06
-4.18367  -3.97959  1.70716e+06
-3.97959  -3.97959  2.11949e+06
-3.77551  -3.97959  2.61049e+06
-3.57143  -3.97959  3.19025e+06
-3.36735  -3.97959  3.86873e+06
-3.16327  -3.97959  4.65521e+06
-2.95918  -3.97959  5.55748e+06
-2.7551  -3.97959  6.58091e+06
-2.55102  -3.97959  7.72721e+06
-2.34694  -3.97959  8.99317e+06
-2.14286  -3.97959  1.03692e+07
-1.93878  -3.97959  1.1838e+07
-1.73469  -3.97959  1.33735e+07
-1.53061  -3.97959  1.49403e+07
-1.32653  -3.97959  1.64939e+07
-1.12245  -3.97959  1.79822e+07
-0.918367  -3.97959  1.93476e+07
-0.714286  -3.97959  2.05312e+07
-0.510204  -3.97959  2.14769e+07
-0.306122  -3.97959  2.21369e+07
-0.102041  -3.97959  2.24761e+07
0.102041  -3.97959  2.24759e+07
0.306122  -3.97959  2.21364e+07
0.510204  -3.97959  2.14761e+07
0.714286  -3.97959  2.053e+07
0.918367  -3.97959  1.93462e+07
1.12245  -3.97959  1.79806e+07
1.32653  -3.97959  1.64922e+07
1.53061  -3.97959  1.49385e+07
1.73469  -3.97959  1.33716e+07
1.93878  -3.97959  1.18362e+07
2.14286  -3.97959  1.03674e+07
2.34694  -3.97959  8.99143e+06
2.55102  -3.97959  7.72557e+06
2.7551  -3.97959  6.57937e+06
2.95918  -3.97959  5.55607e+06
3.16327  -3.97959  4.65392e+06
3.36735  -3.97959  3.86756e+06
3.57143  -3.97959  3.1892e+06
3.77551  -3.97959  2.60955e+06
3.97959  -3.97959  2.11866e+06
4.18367  -3.97959  1.70644e+06
4.38776  -3.97959  1.36308e+06
4.59184  -3.97959  1.07937e+06
4.79592  -3.97959  846797
5  -3.97959  657690
-5  -3.77551  651159
-4.79592  -3.77551  838622
-4.59184  -3.77551  1.07003e+06
-4.38776  -3.77551  1.35355e+06
-4.18367  -3.77551  1.6984e+06
-3.97959  -3.77551  2.11474e+06
-3.77551  -3.77551  2.61363e+06
-3.57143  -3.77551  3.20674e+06
-3.36735  -3.77551  3.90601e+06
-3.16327  -3.77551  4.72305e+06
-2.95918  -3.77551  5.66833e+06
-2.7551  -3.77551  6.75014e+06
-2.55102  -3.77551  7.97316e+06
-2.34694  -3.77551  9.33692e+06
-2.14286  -3.77551  1.08339e+07
-1.93878  -3.77551  1.24477e+07
-1.73469  -3.77551  1.41516e+07
-1.53061  -3.77551  1.5907e+07
-1.32653  -3.77551  1.76637e+07
-1.12245  -3.77551  1.9361e+07
-0.918367  -3.77551  2.09303e+07
-0.714286  -3.77551  2.22997e+07
-0.510204  -3.77551  2.34e+07
-0.306122  -3.77551  2.41709e+07
-0.102041  -3.77551  2.4568e+07
0.102041  -3.77551  2.45679e+07
0.306122  -3.77551  2.41703e+07
0.510204  -3.77551  2.33991e+07
0.714286  -3.77551  2.22986e+07
0.918367  -3.77551  2.09289e+07
1.12245  -3.77551  1.93594e+07
1.32653  -3.77551  1.7662e+07
1.53061  -3.77551  1.59051e+07
1.73469  -3.77551  1.41497e+07
1.93878  -3.77551  1.24459e+07
2.14286  -3.77551  1.08321e+07
2.34694  -3.77551  9.33519e+06
2.55102  -3.77551  7.97154e+06
2.7551  -3.77551  6.74863e+06
2.95918  -3.77551  5.66694e+06
3.16327  -3.77551  4.72179e+06
3.36735  -3.77551  3.90488e+06
3.57143  -3.77551  3.20573e+06
3.77551  -3.77551  2.61273e+06
3.97959  -3.77551  2.11396e+06
4.18367  -3.77551  1.69771e+06
4.38776  -3.77551  1.35296e+06
4.59184  -3.77551  1.06952e+06
4.79592  -3.77551  838183
5  -3.77551  650785
-5  -3.57143  630253
-4.79592  -3.57143  812418
-4.59184  -3.57143  1.03822e+06
-4.38776  -3.57143  1.31623e+06
-4.18367  -3.57143  1.65623e+06
-3.97959  -3.57143  2.06926e+06
-3.77551  -3.57143  2.56755e+06
-3.57143  -3.57143  3.16437e+06
-3.36735  -3.57143  3.87373e+06
-3.16327  -3.57143  4.70979e+06
-2.95918  -3.57143  5.68612e+06
-2.7551  -3.57143  6.8145e+06
-2.55102  -3.57143  8.10343e+06
-2.34694  -3.57143  9.55621e+06
-2.14286  -3.57143  1.11686e+07
-1.93878  -3.57143  1.29265e+07
-1.73469  -3.57143  1.48034e+07
-1.53061  -3.57143  1.67586e+07
-1.32653  -3.57143  1.87361e+07
-1.12245  -3.57143  2.06659e+07
-0.918367  -3.57143  2.24662e+07
-0.714286  -3.57143  2.40496e+07
-0.510204  -3.57143  2.533e+07
-0.306122  -3.57143  2.62313e+07
-0.102041  -3.57143  2.66971e+07
0.102041  -3.57143  2.66969e+07
0.306122  -3.57143  2.62308e+07
0.510204  -3.57143  2.53291e+07
0.714286  -3.57143  2.40484e+07
0.918367  -3.57143  2.24648e+07
1.12245  -3.57143  2.06642e+07
1.32653  -3.57143  1.87343e+07
1.53061  -3.57143  1.67567e+07
1.73469  -3.57143  1.48016e+07
1.93878  -3.57143  1.29247e+07
2.14286  -3.57143  1.11669e+07
2.34694  -3.57143  9.55452e+06
2.55102  -3.57143  8.10185e+06
2.7551  -3.57143  6.81304e+06
2.95918  -3.57143  5.68478e+06
3.16327  -3.57143  4.70859e+06
3.36735  -3.57143  3.87265e+06
3.57143  -3.57143  3.16342e+06
3.77551  -3.57143  2.5667e+06
3.97959  -3.57143  2.06852e+06
4.18367  -3.57143  1.65559e+06
4.38776  -3.57143  1.31568e+06
4.59184  -3.57143  1.03775e+06
4.79592  -3.57143  812010
5  -3.57143  629907
-5  -3.36735  596101
-4.79592  -3.36735  769443
-4.59184  -3.36735  985297
-4.38776  -3.36735  1.25245e+06
-4.18367  -3.36735  1.58112e+06
-3.97959  -3.36735  1.98304e+06
-3.77551  -3.36735  2.4715e+06
-3.57143  -3.36735  3.06128e+06
-3.36735  -3.36735  3.76841e+06
-3.16327  -3.36735  4.60978e+06
-2.95918  -3.36735  5.60233e+06
-2.7551  -3.36735  6.76194e+06
-2.55102  -3.36735  8.10178e+06
-2.34694  -3.36735  9.63011e+06
-2.14286  -3.36735  1.13475e+07
-1.93878  -3.36735  1.32438e+07
-1.73469  -3.36735  1.52946e+07
-1.53061  -3.36735  1.7458e+07
-1.32653  -3.36735  1.96732e+07
-1.12245  -3.36735  2.18601e+07
-0.918367  -3.36735  2.3922e+07
-0.714286  -3.36735  2.57524e+07
-0.510204  -3.36735  2.72436e+07
-0.306122  -3.36735  2.82994e+07
-0.102041  -3.36735  2.88469e+07
0.102041  -3.36735  2.88467e+07
0.306122  -3.36735  2.82988e+07
0.510204  -3.36735  2.72427e+07
0.714286  -3.36735  2.57511e+07
0.918367  -3.36735  2.39206e+07
1.12245  -3.36735  2.18584e+07
1.32653  -3.36735  1.96714e+07
1.53061  -3.36735  1.74561e+07
1.73469  -3.36735  1.52927e+07
1.93878  -3.36735  1.32421e+07
2.14286  -3.36735  1.13458e+07
2.34694  -3.36735  9.62849e+06
2.55102  -3.36735  8.10027e+06
2.7551  -3.36735  6.76056e+06
2.95918  -3.36735  5.60108e+06
3.16327  -3.36735  4.60866e+06
3.36735  -3.36735  3.76741e+06
3.57143  -3.36735  3.06039e+06
3.77551  -3.36735  2.47073e+06
3.97959  -3.36735  1.98237e+06
4.18367  -3.36735  1.58054e+06
4.38776  -3.36735  1.25195e+06
4.59184  -3.36735  984866
4.79592  -3.36735  769075
5  -3.36735  595789
-5  -3.16327  550164
-4.79592  -3.16327  711408
-4.59184  -3.16327  913186
-4.38776  -3.16327  1.16432e+06
-4.18367  -3.16327  1.47525e+06
-3.97959  -3.16327  1.85817e+06
-3.77551  -3.16327  2.32719e+06
-3.57143  -3.16327  2.89839e+06
-3.36735  -3.16327  3.58973e+06
-3.16327  -3.16327  4.42075e+06
-2.95918  -3.16327  5.41199e+06
-2.7551  -3.16327  6.58385e+06
-2.55102  -3.16327  7.95501e+06
-2.34694  -3.16327  9.53999e+06
-2.14286  -3.16327  1.1346e+07
-1.93878  -3.16327  1.33688e+07
-1.73469  -3.16327  1.55884e+07
-1.53061  -3.16327  1.79644e+07
-1.32653  -3.16327  2.04321e+07
-1.12245  -3.16327  2.29015e+07
-0.918367  -3.16327  2.5259e+07
-0.714286  -3.16327  2.73748e+07
-0.510204  -3.16327  2.91143e+07
-0.306122  -3.16327  3.03542e+07
-0.102041  -3.16327  3.09999e+07
0.102041  -3.16327  3.09997e+07
0.306122  -3.16327  3.03537e+07
0.510204  -3.16327  2.91133e+07
0.714286  -3.16327  2.73736e+07
0.918367  -3.16327  2.52575e+07
1.12245  -3.16327  2.28998e+07
1.32653  -3.16327  2.04303e+07
1.53061  -3.16327  1.79626e+07
1.73469  -3.16327  1.55867e+07
1.93878  -3.16327  1.33671e+07
2.14286  -3.16327  1.13443e+07
2.34694  -3.16327  9.53847e+06
2.55102  -3.16327  7.95361e+06
2.7551  -3.16327  6.58258e+06
2.95918  -3.16327  5.41084e+06
3.16327  -3.16327  4.41973e+06
3.36735  -3.16327  3.58883e+06
3.57143  -3.16327  2.8976e+06
3.77551  -3.16327  2.3265e+06
3.97959  -3.16327  1.85757e+06
4.18367  -3.16327  1.47473e+06
4.38776  -3.16327  1.16388e+06
4.59184  -3.16327  912806
4.79592  -3.16327  711085
5  -3.16327  549891
-5  -2.95918  494583
-4.79592  -2.95918  640892
-4.59184  -2.95918  824934
-4.38776  -2.95918  1.05536e+06
-4.18367  -2.95918  1.34254e+06
-3.97959  -2.95918  1.69887e+06
-3.77551  -2.95918  2.13895e+06
-3.57143  -2.95918  2.67983e+06
-3.36735  -2.95918  3.34108e+06
-3.16327  -2.95918  4.1447e+06
-2.95918  -2.95918  5.11475e+06
-2.7551  -2.95918  6.27643e+06
-2.55102  -2.95918  7.6546e+06
-2.34694  -2.95918  9.27128e+06
-2.14286  -2.95918  1.11422e+07
-1.93878  -2.95918  1.32718e+07
-1.73469  -2.95918  1.56478e+07
-1.53061  -2.95918  1.8234e+07
-1.32653  -2.95918  2.09649e+07
-1.12245  -2.95918  2.37415e+07
-0.918367  -2.95918  2.64319e+07
-0.714286  -2.95918  2.88782e+07
-0.510204  -2.95918  3.09115e+07
-0.306122  -2.95918  3.23728e+07
-0.102041  -2.95918  3.31377e+07
0.102041  -2.95918  3.31375e+07
0.306122  -2.95918  3.23723e+07
0.510204  -2.95918  3.09106e+07
0.714286  -2.95918  2.8877e+07
0.918367  -2.95918  2.64304e+07
1.12245  -2.95918  2.37399e+07
1.32653  -2.95918  2.09632e+07
1.53061  -2.95918  1.82323e+07
1.73469  -2.95918  1.56461e+07
1.93878  -2.95918  1.32702e+07
2.14286  -2.95918  1.11407e+07
2.34694  -2.95918  9.26989e+06
2.55102  -2.95918  7.65333e+06
2.7551  -2.95918  6.27529e+06
2.95918  -2.95918  5.11373e+06
3.16327  -2.95918  4.1438e+06
3.36735  -2.95918  3.34028e+06
3.57143  -2.95918  2.67914e+06
3.77551  -2.95918  2.13835e+06
3.97959  -2.95918  1.69835e+06
4.18367  -2.95918  1.3421e+06
4.38776  -2.95918  1.05498e+06
4.59184  -2.95918  824610
4.79592  -2.95918  640618
5  -2.95918  494351
-5  -2.7551  432062
-4.79592  -2.7551  561221
-4.59184  -2.7551  724570
-4.38776  -2.7551  930349
-4.18367  -2.7551  1.18861e+06
-3.97959  -2.7551  1.51155e+06
-3.77551  -2.7551  1.91387e+06
-3.57143  -2.7551  2.41313e+06
-3.36735  -2.7551  3.03001e+06
-3.16327  -2.7551  3.78854e+06
-2.95918  -2.7551  4.71594e+06
-2.7551  -2.7551  5.84213e+06
-2.55102  -2.7551  7.19851e+06
-2.34694  -2.7551  8.81564e+06
-2.14286  -2.7551  1.07197e+07
-1.93878  -2.7551  1.29268e+07
-1.73469  -2.7551  1.54362e+07
-1.53061  -2.7551  1.82209e+07
-1.32653  -2.7551  2.12188e+07
-1.12245  -2.7551  2.43245e+07
-0.918367  -2.7551  2.73874e+07
-0.714286  -2.7551  3.02167e+07
-0.510204  -2.7551  3.25998e+07
-0.306122  -2.7551  3.43298e+07
-0.102041  -2.7551  3.5241e+07
0.102041  -2.7551  3.52408e+07
0.306122  -2.7551  3.43292e+07
0.510204  -2.7551  3.25988e+07
0.714286  -2.7551  3.02155e+07
0.918367  -2.7551  2.73859e+07
1.12245  -2.7551  2.4323e+07
1.32653  -2.7551  2.12172e+07
1.53061  -2.7551  1.82193e+07
1.73469  -2.7551  1.54346e+07
1.93878  -2.7551  1.29253e+07
2.14286  -2.7551  1.07183e+07
2.34694  -2.7551  8.8144e+06
2.55102  -2.7551  7.19739e+06
2.7551  -2.7551  5.84114e+06
2.95918  -2.7551  4.71505e+06
3.16327  -2.7551  3.78776e+06
3.36735  -2.7551  3.02934e+06
3.57143  -2.7551  2.41254e+06
3.77551  -2.7551  1.91337e+06
3.97959  -2.7551  1.51112e+06
4.18367  -2.7551  1.18824e+06
4.38776  -2.7551  930035
4.59184  -2.7551  724304
4.79592  -2.7551  560995
5  -2.7551  431872
-5  -2.55102  365702
-4.79592  -2.55102  476270
-4.59184  -2.55102  616886
-4.38776  -2.55102  795153
-4.18367  -2.55102  1.02049e+06
-3.97959  -2.55102  1.30454e+06
-3.77551  -2.55102  1.66161e+06
-3.57143  -2.55102  2.10918e+06
-3.36735  -2.55102  2.6684e+06
-3.16327  -2.55102  3.36457e+06
-2.95918  -2.55102  4.22741e+06
-2.7551  -2.55102  5.29103e+06
-2.55102  -2.55102  6.59318e+06
-2.34694  -2.55102  8.17351e+06
-2.14286  -2.55102  1.00702e+07
-1.93878  -2.55102  1.23142e+07
-1.73469  -2.55102  1.4921e+07
-1.53061  -2.55102  1.78791e+07
-1.32653  -2.55102  2.11362e+07
-1.12245  -2.55102  2.45866e+07
-0.918367  -2.55102  2.80621e+07
-0.714286  -2.55102  3.1335e+07
-0.510204  -2.55102  3.41368e+07
-0.306122  -2.55102  3.61964e+07
-0.102041  -2.55102  3.72897e+07
0.102041  -2.55102  3.72895e+07
0.306122  -2.55102  3.61958e+07
0.510204  -2.55102  3.41359e+07
0.714286  -2.55102  3.13338e+07
0.918367  -2.55102  2.80607e+07
1.12245  -2.55102  2.45851e+07
1.32653  -2.55102  2.11347e+07
1.53061  -2.55102  1.78776e+07
1.73469  -2.55102  1.49196e+07
1.93878  -2.55102  1.23129e+07
2.14286  -2.55102  1.0069e+07
2.34694  -2.55102  8.17244e+06
2.55102  -2.55102  6.59222e+06
2.7551  -2.55102  5.29019e+06
2.95918  -2.55102  4.22668e+06
3.16327  -2.55102  3.36393e+06
3.36735  -2.55102  2.66784e+06
3.57143  -2.55102  2.1087e+06
3.77551  -2.55102  1.6612e+06
3.97959  -2.55102  1.30419e+06
4.18367  -2.55102  1.02019e+06
4.38776  -2.55102  794902
4.59184  -2.55102  616675
4.79592  -2.55102  476091
5  -2.55102  365552
-5  -2.34694  298780
-4.79592  -2.34694  390196
-4.59184  -2.34694  507115
-4.38776  -2.34694  656294
-4.18367  -2.34694  846243
-3.97959  -2.34694  1.08766e+06
-3.77551  -2.34694  1.39395e+06
-3.57143  -2.34694  1.78186e+06
-3.36735  -2.34694  2.2722e+06
-3.16327  -2.34694  2.89055e+06
-2.95918  -2.34694  3.66806e+06
-2.7551  -2.34694  4.6419e+06
-2.55102  -2.34694  5.85535e+06
-2.34694  -2.34694  7.35686e+06
-2.14286  -2.34694  9.19746e+06
-1.93878  -2.34694  1.14255e+07
-1.73469  -2.34694  1.40778e+07
-1.53061  -2.34694  1.71658e+07
-1.32653  -2.34694  2.06573e+07
-1.12245  -2.34694  2.44553e+07
-0.918367  -2.34694  2.83804e+07
-0.714286  -2.34694  3.21649e+07
-0.510204  -2.34694  3.54711e+07
-0.306122  -2.34694  3.79397e+07
-0.102041  -2.34694  3.92632e+07
0.102041  -2.34694  3.9263e+07
0.306122  -2.34694  3.79391e+07
0.510204  -2.34694  3.54702e+07
0.714286  -2.34694  3.21638e+07
0.918367  -2.34694  2.83791e+07
1.12245  -2.34694  2.4454e+07
1.32653  -2.34694  2.06559e+07
1.53061  -2.34694  1.71645e+07
1.73469  -2.34694  1.40766e+07
1.93878  -2.34694  1.14244e+07
2.14286  -2.34694  9.19645e+06
2.34694  -2.34694  7.35597e+06
2.55102  -2.34694  5.85457e+06
2.7551  -2.34694  4.64122e+06
2.95918  -2.34694  3.66747e+06
3.16327  -2.34694  2.89004e+06
3.36735  -2.34694  2.27176e+06
3.57143  -2.34694  1.78149e+06
3.77551  -2.34694  1.39363e+06
3.97959  -2.34694  1.08739e+06
4.18367  -2.34694  846016
4.38776  -2.34694  656103
4.59184  -2.34694  506954
4.79592  -2.34694  390061
5  -2.34694  298667
-5  -2.14286  234492
-4.79592  -2.14286  307119
-4.59184  -2.14286  400532
-4.38776  -2.14286  520491
-4.18367  -2.14286  674354
-3.97959  -2.14286  871533
-3.77551  -2.14286  1.12405e+06
-3.57143  -2.14286  1.44726e+06
-3.36735  -2.14286  1.8607e+06
-3.16327  -2.14286  2.3891e+06
-2.95918  -2.14286  3.06356e+06
-2.7551  -2.14286  3.92267e+06
-2.55102  -2.14286  5.01351e+06
-2.34694  -2.14286  6.39186e+06
-2.14286  -2.14286  8.12113e+06
-1.93878  -2.14286  1.02684e+07
-1.73469  -2.14286  1.28962e+07
-1.53061  -2.14286  1.60477e+07
-1.32653  -2.14286  1.97233e+07
-1.12245  -2.14286  2.38507e+07
-0.918367  -2.14286  2.82516e+07
-0.714286  -2.14286  3.26211e+07
-0.510204  -2.14286  3.65372e+07
-0.306122  -2.14286  3.95202e+07
-0.102041  -2.14286  4.11402e+07
0.102041  -2.14286  4.114e+07
0.306122  -2.14286  3.95197e+07
0.510204  -2.14286  3.65364e+07
0.714286  -2.14286  3.262e+07
0.918367  -2.14286  2.82505e+07
1.12245  -2.14286  2.38495e+07
1.32653  -2.14286  1.97222e+07
1.53061  -2.14286  1.60466e+07
1.73469  -2.14286  1.28952e+07
1.93878  -2.14286  1.02675e+07
2.14286  -2.14286  8.12031e+06
2.34694  -2.14286  6.39115e+06
2.55102  -2.14286  5.01289e+06
2.7551  -2.14286  3.92214e+06
2.95918  -2.14286  3.0631e+06
3.16327  -2.14286  2.38871e+06
3.36735  -2.14286  1.86037e+06
3.57143  -2.14286  1.44699e+06
3.77551  -2.14286  1.12382e+06
3.97959  -2.14286  871335
4.18367  -2.14286  674188
4.38776  -2.14286  520351
4.59184  -2.14286  400415
4.79592  -2.14286  307021
5  -2.14286  234410
-5  -1.93878  175685
-4.79592  -1.93878  230767
-4.59184  -1.93878  302009
-4.38776  -1.93878  394078
-4.18367  -1.93878  513029
-3.97959  -1.93878  666727
-3.77551  -1.93878  865414
-3.57143  -1.93878  1.12244e+06
-3.36735  -1.93878  1.45519e+06
-3.16327  -1.93878  1.88633e+06
-2.95918  -1.93878  2.44522e+06
-2.7551  -1.93878  3.16974e+06
-2.55102  -1.93878  4.10812e+06
-2.34694  -1.93878  5.32068e+06
-2.14286  -1.93878  6.88073e+06
-1.93878  -1.93878  8.87314e+06
-1.73469  -1.93878  1.13885e+07
-1.53061  -1.93878  1.45094e+07
-1.32653  -1.93878  1.82846e+07
-1.12245  -1.93878  2.26884e+07
-0.918367  -1.93878  2.75679e+07
-0.714286  -1.93878  3.25941e+07
-0.510204  -1.93878  3.72489e+07
-0.306122  -1.93878  4.08883e+07
-0.102041  -1.93878  4.28982e+07
0.102041  -1.93878  4.28981e+07
0.306122  -1.93878  4.08878e+07
0.510204  -1.93878  3.72481e+07
0.714286  -1.93878  3.25932e+07
0.918367  -1.93878  2.75669e+07
1.12245  -1.93878  2.26874e+07
1.32653  -1.93878  1.82836e+07
1.53061  -1.93878  1.45085e+07
1.73469  -1.93878  1.13877e+07
1.93878  -1.93878  8.87241e+06
2.14286  -1.93878  6.8801e+06
2.34694  -1.93878  5.32014e+06
2.55102  -1.93878  4.10766e+06
2.7551  -1.93878  3.16935e+06
2.95918  -1.93878  2.44489e+06
3.16327  -1.93878  1.88605e+06
3.36735  -1.93878  1.45496e+06
3.57143  -1.93878  1.12224e+06
3.77551  -1.93878  865249
3.97959  -1.93878  666589
4.18367  -1.93878  512914
4.38776  -1.93878  393982
4.59184  -1.93878  301929
4.79592  -1.93878  230701
5  -1.93878  175629
-5  -1.73469  124611
-4.79592  -1.73469  164149
-4.59184  -1.73469  215563
-4.38776  -1.73469  282420
-4.18367  -1.73469  369407
-3.97959  -1.73469  482715
-3.77551  -1.73469  630542
-3.57143  -1.73469  823793
-3.36735  -1.73469  1.07701e+06
-3.16327  -1.73469  1.40962e+06
-2.95918  -1.73469  1.84764e+06
-2.7551  -1.73469  2.42577e+06
-2.55102  -1.73469  3.19015e+06
-2.34694  -1.73469  4.20149e+06
-2.14286  -1.73469  5.53823e+06
-1.93878  -1.73469  7.29866e+06
-1.73469  -1.73469  9.59963e+06
-1.53061  -1.73469  1.25675e+07
-1.32653  -1.73469  1.63139e+07
-1.12245  -1.73469  2.0889e+07
-0.918367  -1.73469  2.62047e+07
-0.714286  -1.73469  3.19422e+07
-0.510204  -1.73469  3.74877e+07
-0.306122  -1.73469  4.19768e+07
-0.102041  -1.73469  4.45133e+07
0.102041  -1.73469  4.45132e+07
0.306122  -1.73469  4.19763e+07
0.510204  -1.73469  3.7487e+07
0.714286  -1.73469  3.19414e+07
0.918367  -1.73469  2.62038e+07
1.12245  -1.73469  2.08882e+07
1.32653  -1.73469  1.63131e+07
1.53061  -1.73469  1.25667e+07
1.73469  -1.73469  9.59901e+06
1.93878  -1.73469  7.29812e+06
2.14286  -1.73469  5.53777e+06
2.34694  -1.73469  4.20111e+06
2.55102  -1.73469  3.18983e+06
2.7551  -1.73469  2.4255e+06
2.95918  -1.73469  1.84741e+06
3.16327  -1.73469  1.40944e+06
3.36735  -1.73469  1.07685e+06
3.57143  -1.73469  823663
3.77551  -1.73469  630435
3.97959  -1.73469  482625
4.18367  -1.73469  369333
4.38776  -1.73469  282358
4.59184  -1.73469  215512
4.79592  -1.73469  164107
5  -1.73469  124575
-5  -1.53061  82724
-4.79592  -1.53061  109274
-4.59184  -1.53061  143975
-4.38776  -1.53061  189364
-4.18367  -1.53061  248819
-3.97959  -1.53061  326866
-3.77551  -1.53061  429597
-3.57143  -1.53061  565272
-3.36735  -1.53061  745144
-3.16327  -1.53061  984640
-2.95918  -1.53061  1.305e+06
-2.7551  -1.53061  1.73558e+06
-2.55102  -1.53061  2.31698e+06
-2.34694  -1.53061  3.10525e+06
-2.14286  -1.53061  4.1772e+06
-1.93878  -1.53061  5.63626e+06
-1.73469  -1.53061  7.61749e+06
-1.53061  -1.53061  1.02872e+07
-1.32653  -1.53061  1.38287e+07
-1.12245  -1.53061  1.83976e+07
-0.918367  -1.53061  2.40282e+07
-0.714286  -1.53061  3.04819e+07
-0.510204  -1.53061  3.70839e+07
-0.306122  -1.53061  4.26883e+07
-0.102041  -1.53061  4.59578e+07
0.102041  -1.53061  4.59576e+07
0.306122  -1.53061  4.26879e+07
0.510204  -1.53061  3.70833e+07
0.714286  -1.53061  3.04812e+07
0.918367  -1.53061  2.40275e+07
1.12245  -1.53061  1.83969e+07
1.32653  -1.53061  1.38281e+07
1.53061  -1.53061  1.02867e+07
1.73469  -1.53061  7.61705e+06
1.93878  -1.53061  5.6359e+06
2.14286  -1.53061  4.17689e+06
2.34694  -1.53061  3.105e+06
2.55102  -1.53061  2.31677e+06
2.7551  -1.53061  1.73541e+06
2.95918  -1.53061  1.30486e+06
3.16327  -1.53061  984524
3.36735  -1.53061  745049
3.57143  -1.53061  565193
3.77551  -1.53061  429532
3.97959  -1.53061  326812
4.18367  -1.53061  248775
4.38776  -1.53061  189327
4.59184  -1.53061  143944
4.79592  -1.53061  109249
5  -1.53061  82703.2
-5  -1.32653  50572.1
-4.79592  -1.32653  66976.6
-4.59184  -1.32653  88519.3
-4.38776  -1.32653  116852
-4.18367  -1.32653  154199
-3.97959  -1.32653  203581
-3.77551  -1.32653  269129
-3.57143  -1.32653  356536
-3.36735  -1.32653  473724
-3.16327  -1.32653  631804
-2.95918  -1.32653  846499
-2.7551  -1.32653  1.14024e+06
-2.55102  -1.32653  1.54528e+06
-2.34694  -1.32653  2.10819e+06
-2.14286  -1.32653  2.89639e+06
-1.93878  -1.32653  4.00711e+06
-1.73469  -1.32653  5.57864e+06
-1.53061  -1.32653  7.80164e+06
-1.32653  -1.32653  1.09229e+07
-1.12245  -1.32653  1.52218e+07
-0.918367  -1.32653  2.09214e+07
-0.714286  -1.32653  2.79838e+07
-0.510204  -1.32653  3.57861e+07
-0.306122  -1.32653  4.28684e+07
-0.102041  -1.32653  4.71962e+07
0.102041  -1.32653  4.71961e+07
0.306122  -1.32653  4.28681e+07
0.510204  -1.32653  3.57856e+07
0.714286  -1.32653  2.79832e+07
0.918367  -1.32653  2.09209e+07
1.12245  -1.32653  1.52213e+07
1.32653  -1.32653  1.09225e+07
1.53061  -1.32653  7.80129e+06
1.73469  -1.32653  5.57836e+06
1.93878  -1.32653  4.00689e+06
2.14286  -1.32653  2.89621e+06
2.34694  -1.32653  2.10804e+06
2.55102  -1.32653  1.54516e+06
2.7551  -1.32653  1.14015e+06
2.95918  -1.32653  846420
3.16327  -1.32653  631739
3.36735  -1.32653  473671
3.57143  -1.32653  356493
3.77551  -1.32653  269093
3.97959  -1.32653  203552
4.18367  -1.32653  154175
4.38776  -1.32653  116832
4.59184  -1.32653  88503
4.79592  -1.32653  66963.2
5  -1.32653  50561
-5  -1.12245  27786.7
-4.79592  -1.12245  36887.2
-4.59184  -1.12245  48889.5
-4.38776  -1.12245  64752.9
-4.18367  -1.12245  85783.7
-3.97959  -1.12245  113776
-3.77551  -1.12245  151217
-3.57143  -1.12245  201591
-3.36735  -1.12245  269833
-3.16327  -1.12245  363016
-2.95918  -1.12245  491401
-2.7551  -1.12245  670064
-2.55102  -1.12245  921451
-2.34694  -1.12245  1.27939e+06
-2.14286  -1.12245  1.79544e+06
-1.93878  -1.12245  2.54885e+06
-1.73469  -1.12245  3.66169e+06
-1.53061  -1.12245  5.32058e+06
-1.32653  -1.12245  7.80295e+06
-1.12245  -1.12245  1.14941e+07
-0.918367  -1.12245  1.68492e+07
-0.714286  -1.12245  2.41938e+07
-0.510204  -1.12245  3.32181e+07
-0.306122  -1.12245  4.22513e+07
-0.102041  -1.12245  4.81758e+07
0.102041  -1.12245  4.81756e+07
0.306122  -1.12245  4.2251e+07
0.510204  -1.12245  3.32177e+07
0.714286  -1.12245  2.41934e+07
0.918367  -1.12245  1.68488e+07
1.12245  -1.12245  1.14938e+07
1.32653  -1.12245  7.8027e+06
1.53061  -1.12245  5.32039e+06
1.73469  -1.12245  3.66153e+06
1.93878  -1.12245  2.54872e+06
2.14286  -1.12245  1.79535e+06
2.34694  -1.12245  1.27931e+06
2.55102  -1.12245  921391
2.7551  -1.12245  670016
2.95918  -1.12245  491362
3.16327  -1.12245  362985
3.36735  -1.12245  269808
3.57143  -1.12245  201570
3.77551  -1.12245  151200
3.97959  -1.12245  113762
4.18367  -1.12245  85772.4
4.38776  -1.12245  64743.6
4.59184  -1.12245  48881.9
4.79592  -1.12245  36880.9
5  -1.12245  27781.5
-5  -0.918367  13198.4
-4.79592  -0.918367  17557.4
-4.59184  -0.918367  23327.9
-4.38776  -0.918367  30987.7
-4.18367  -0.918367  41193.6
-3.97959  -0.918367  54856.8
-3.77551  -0.918367  73256
-3.57143  -0.918367  98207.3
-3.36735  -0.918367  132324
-3.16327  -0.918367  179422
-2.95918  -0.918367  245161
-2.7551  -0.918367  338079
-2.55102  -0.918367  471293
-2.34694  -0.918367  665342
-2.14286  -0.918367  953038
-1.93878  -0.918367  1.38784e+06
-1.73469  -0.918367  2.05844e+06
-1.53061  -0.918367  3.11398e+06
-1.32653  -0.918367  4.80598e+06
-1.12245  -0.918367  7.55048e+06
-0.918367  -0.918367  1.19894e+07
-0.714286  -0.918367  1.89338e+07
-0.510204  -0.918367  2.88387e+07
-0.306122  -0.918367  4.03402e+07
-0.102041  -0.918367  4.8799e+07
0.102041  -0.918367  4.87989e+07
0.306122  -0.918367  4.034e+07
0.510204  -0.918367  2.88384e+07
0.714286  -0.918367  1.89336e+07
0.918367  -0.918367  1.19892e+07
1.12245  -0.918367  7.55032e+06
1.32653  -0.918367  4.80585e+06
1.53061  -0.918367  3.11388e+06
1.73469  -0.918367  2.05837e+06
1.93878  -0.918367  1.38779e+06
2.14286  -0.918367  952996
2.34694  -0.918367  665309
2.55102  -0.918367  471267
2.7551  -0.918367  338059
2.95918  -0.918367  245145
3.16327  -0.918367  179409
3.36735  -0.918367  132314
3.57143  -0.918367  98199
3.77551  -0.918367  73249.3
3.97959  -0.918367  54851.3
4.18367  -0.918367  41189.1
4.38776  -0.918367  30984.1
4.59184  -0.918367  23324.9
4.79592  -0.918367  17555
5  -0.918367  13196.4
-5  -0.714286  5061.65
-4.79592  -0.714286  6745.05
-4.59184  -0.714286  8980.4
-4.38776  -0.714286  11958.3
-4.18367  -0.714286  15942.7
-3.97959  -0.714286  21302.8
-3.77551  -0.714286  28561.8
-3.57143  -0.714286  38471.7
-3.36735  -0.714286  52128.7
-3.16327  -0.714286  71158.9
-2.95918  -0.714286  98019.6
-2.7551  -0.714286  136501
-2.55102  -0.714286  192584
-2.34694  -0.714286  275949
-2.14286  -0.714286  402703
-1.93878  -0.714286  600475
-1.73469  -0.714286  918216
-1.53061  -0.714286  1.44563e+06
-1.32653  -0.714286  2.35243e+06
-1.12245  -0.714286  3.96753e+06
-0.918367  -0.714286  6.9288e+06
-0.714286  -0.714286  1.23986e+07
-0.510204  -0.714286  2.20197e+07
-0.306122  -0.714286  3.61449e+07
-0.102041  -0.714286  4.88398e+07
0.102041  -0.714286  4.88398e+07
0.306122  -0.714286  3.61447e+07
0.510204  -0.714286  2.20196e+07
0.714286  -0.714286  1.23985e+07
0.918367  -0.714286  6.92871e+06
1.12245  -0.714286  3.96746e+06
1.32653  -0.714286  2.35238e+06
1.53061  -0.714286  1.44559e+06
1.73469  -0.714286  918191
1.93878  -0.714286  600457
2.14286  -0.714286  402689
2.34694  -0.714286  275938
2.55102  -0.714286  192576
2.7551  -0.714286  136494
2.95918  -0.714286  98014.6
3.16327  -0.714286  71155
3.36735  -0.714286  52125.5
3.57143  -0.714286  38469.2
3.77551  -0.714286  28559.8
3.97959  -0.714286  21301.1
4.18367  -0.714286  15941.3
4.38776  -0.714286  11957.2
4.59184  -0.714286  8979.5
4.79592  -0.714286  6744.31
5  -0.714286  5061.05
-5  -0.510204  1364.94
-4.79592  -0.510204  1821.34
-4.59184  -0.510204  2428.82
-4.38776  -0.510204  3240.36
-4.18367  -0.510204  4329.69
-3.97959  -0.510204  5800.68
-3.77551  -0.510204  7801.65
-3.57143  -0.510204  10547.6
-3.36735  -0.510204  14355.2
-3.16327  -0.510204  19700.2
-2.95918  -0.510204  27311.7
-2.7551  -0.510204  38334.4
-2.55102  -0.510204  54613.5
-2.34694  -0.510204  79214.9
-2.14286  -0.510204  117411
-1.93878  -0.510204  178630
-1.73469  -0.510204  280514
-1.53061  -0.510204  457811
-1.32653  -0.510204  783088
-1.12245  -0.510204  1.418e+06
-0.918367  -0.510204  2.74714e+06
-0.714286  -0.510204  5.73189e+06
-0.510204  -0.510204  1.27134e+07
-0.306122  -0.510204  2.77245e+07
-0.102041  -0.510204  4.76084e+07
0.102041  -0.510204  4.76084e+07
0.306122  -0.510204  2.77244e+07
0.510204  -0.510204  1.27133e+07
0.714286  -0.510204  5.73185e+06
0.918367  -0.510204  2.74712e+06
1.12245  -0.510204  1.41799e+06
1.32653  -0.510204  783077
1.53061  -0.510204  457803
1.73469  -0.510204  280509
1.93878  -0.510204  178626
2.14286  -0.510204  117408
2.34694  -0.510204  79212.8
2.55102  -0.510204  54611.8
2.7551  -0.510204  38333.1
2.95918  -0.510204  27310.7
3.16327  -0.510204  19699.4
3.36735  -0.510204  14354.6
3.57143  -0.510204  10547.1
3.77551  -0.510204  7801.25
3.97959  -0.510204  5800.36
4.18367  -0.510204  4329.43
4.38776  -0.510204  3240.15
4.59184  -0.510204  2428.65
4.79592  -0.510204  1821.2
5  -0.510204  1364.83
-5  -0.306122  181.125
-4.79592  -0.306122  241.908
-4.59184  -0.306122  322.946
-4.38776  -0.306122  431.41
-4.18367  -0.306122  577.323
-3.97959  -0.306122  774.867
-3.77551  -0.306122  1044.4
-3.57143  -0.306122  1415.6
-3.36735  -0.306122  1932.53
-3.16327  -0.306122  2661.87
-2.95918  -0.306122  3706.91
-2.7551  -0.306122  5231.76
-2.55102  -0.306122  7504.9
-2.34694  -0.306122  10980.7
-2.14286  -0.306122  16458.7
-1.93878  -0.306122  25412.3
-1.73469  -0.306122  40707.9
-1.53061  -0.306122  68298.8
-1.32653  -0.306122  121573
-1.12245  -0.306122  233747
-0.918367  -0.306122  498021
-0.714286  -0.306122  1.21937e+06
-0.510204  -0.306122  3.59309e+06
-0.306122  -0.306122  1.2927e+07
-0.102041  -0.306122  4.20581e+07
0.102041  -0.306122  4.2058e+07
0.306122  -0.306122  1.2927e+07
0.510204  -0.306122  3.59308e+06
0.714286  -0.306122  1.21937e+06
0.918367  -0.306122  498018
1.12245  -0.306122  233746
1.32653  -0.306122  121572
1.53061  -0.306122  68298.2
1.73469  -0.306122  40707.4
1.93878  -0.306122  25412
2.14286  -0.306122  16458.5
2.34694  -0.306122  10980.5
2.55102  -0.306122  7504.77
2.7551  -0.306122  5231.66
2.95918  -0.306122  3706.83
3.16327  -0.306122  2661.81
3.36735  -0.306122  1932.48
3.57143  -0.306122  1415.56
3.77551  -0.306122  1044.37
3.97959  -0.306122  774.841
4.18367  -0.306122  577.302
4.38776  -0.306122  431.393
4.59184  -0.306122  322.932
4.79592  -0.306122  241.897
5  -0.306122  181.115
-5  -0.102041  2.26271
-4.79592  -0.102041  3.02345
-4.59184  -0.102041  4.03854
-4.38776  -0.102041  5.39846
-4.18367  -0.102041  7.22996
-3.97959  -0.102041  9.7128
-3.77551  -0.102041  13.1056
-3.57143  -0.102041  17.7868
-3.36735  -0.102041  24.3199
-3.16327  -0.102041  33.5615
-2.95918  -0.102041  46.8455
-2.7551  -0.102041  66.3039
-2.55102  -0.102041  95.4515
-2.34694  -0.102041  140.293
-2.14286  -0.102041  211.523
-1.93878  -0.102041  329.154
-1.73469  -0.102041  532.934
-1.53061  -0.102041  907.774
-1.32653  -0.102041  1652.43
-1.12245  -0.102041  3290.4
-0.918367  -0.102041  7437.64
-0.714286  -0.102041  20341.3
-0.510204  -0.102041  76173.2
-0.306122  -0.102041  519235
-0.102041  -0.102041  1.3035e+07
0.102041  -0.102041  1.30349e+07
0.306122  -0.102041  519234
0.510204  -0.102041  76173.1
0.714286  -0.102041  20341.3
0.918367  -0.102041  7437.63
1.12245  -0.102041  3290.4
1.32653  -0.102041  1652.42
1.53061  -0.102041  907.771
1.73469  -0.102041  532.932
1.93878  -0.102041  329.153
2.14286  -0.102041  211.522
2.34694  -0.102041  140.292
2.55102  -0.102041  95.451
2.7551  -0.102041  66.3035
2.95918  -0.102041  46.8452
3.16327  -0.102041  33.5613
3.36735  -0.102041  24.3197
3.57143  -0.102041  17.7867
3.77551  -0.102041  13.1055
3.97959  -0.102041  9.71269
4.18367  -0.102041  7.22987
4.38776  -0.102041  5.39839
4.59184  -0.102041  4.03848
4.79592  -0.102041  3.02341
5  -0.102041  2.26267
-5  0.102041  2.26267
-4.79592  0.102041  3.02341
-4.59184  0.102041  4.03848
-4.38776  0.102041  5.39839
-4.18367  0.102041  7.22987
-3.97959  0.102041  9.71269
-3.77551  0.102041  13.1055
-3.57143  0.102041  17.7867
-3.36735  0.102041  24.3197
-3.16327  0.102041  33.5613
-2.95918  0.102041  46.8452
-2.7551  0.102041  66.3035
-2.55102  0.102041  95.451
-2.34694  0.102041  140.292
-2.14286  0.102041  211.522
-1.93878  0.102041  329.153
-1.73469  0.102041  532.932
-1.53061  0.102041  907.771
-1.32653  0.102041  1652.42
-1.12245  0.102041  3290.4
-0.918367  0.102041  7437.63
-0.714286  0.102041  20341.3
-0.510204  0.102041  76173.1
-0.306122  0.102041  519234
-0.102041  0.102041  1.30349e+07
0.102041  0.102041  1.3035e+07
0.306122  0.102041  519235
0.510204  0.102041  76173.2
0.714286  0.102041  20341.3
0.918367  0.102041  7437.64
1.12245  0.102041  3290.4
1.32653  0.102041  1652.43
1.53061  0.102041  907.774
1.73469  0.102041  532.934
1.93878  0.102041  329.154
2.14286  0.102041  211.523
2.34694  0.102041  140.293
2.55102  0.102041  95.4515
2.7551  0.102041  66.3039
2.95918  0.102041  46.8455
3.16327  0.102041  33.5615
3.36735  0.102041  24.3199
3.57143  0.102041  17.7868
3.77551  0.102041  13.1056
3.97959  0.102041  9.7128
4.18367  0.102041  7.22996
4.38776  0.102041  5.39846
4.59184  0.102041  4.03854
4.79592  0.102041  3.02345
5  0.102041  2.26271
-5  0.306122  181.115
-4.79592  0.306122  241.897
-4.59184  0.306122  322.932
-4.38776  0.306122  431.393
-4.18367  0.306122  577.302
-3.97959  0.306122  774.841
-3.77551  0.306122  1044.37
-3.57143  0.306122  1415.56
-3.36735  0.306122  1932.48
-3.16327  0.306122  2661.81
-2.95918  0.306122  3706.83
-2.7551  0.306122  5231.66
-2.55102  0.306122  7504.77
-2.34694  0.306122  10980.5
-2.14286  0.306122  16458.5
-1.93878  0.306122  25412
-1.73469  0.306122  40707.4
-1.53061  0.306122  68298.2
-1.32653  0.306122  121572
-1.12245  0.306122  233746
-0.918367  0.306122  498018
-0.714286  0.306122  1.21937e+06
-0.510204  0.306122  3.59308e+06
-0.306122  0.306122  1.2927e+07
-0.102041  0.306122  4.2058e+07
0.102041  0.306122  4.20581e+07
0.306122  0.306122  1.2927e+07
0.510204  0.306122  3.59309e+06
0.714286  0.306122  1.21937e+06
0.918367  0.306122  498021
1.12245  0.306122  233747
1.32653  0.306122  121573
1.53061  0.306122  68298.8
1.73469  0.306122  40707.9
1.93878  0.306122  25412.3
2.14286  0.306122  16458.7
2.34694  0.306122  10980.7
2.55102  0.306122  7504.9
2.7551  0.306122  5231.76
2.95918  0.306122  3706.91
3.16327  0.306122  2661.87
3.36735  0.306122  1932.53
3.57143  0.306122  1415.6
3.77551  0.306122  1044.4
3.97959  0.306122  774.867
4.18367  0.306122  577.323
4.38776  0.306122  431.41
4.59184  0.306122  322.946
4.79592  0.306122  241.908
5  0.306122  181.125
-5  0.510204  1364.83
-4.79592  0.510204  1821.2
-4.59184  0.510204  2428.65
-4.38776  0.510204  3240.15
-4.18367  0.510204  4329.43
-3.97959  0.510204  5800.36
-3.77551  0.510204  7801.25
-3.57143  0.510204  10547.1
-3.36735  0.510204  14354.6
-3.16327  0.510204  19699.4
-2.95918  0.510204  27310.7
-2.7551  0.510204  38333.1
-2.55102  0.510204  54611.8
-2.34694  0.510204  79212.8
-2.14286  0.510204  117408
-1.93878  0.510204  178626
-1.73469  0.510204  280509
-1.53061  0.510204  457803
-1.32653  0.510204  783077
-1.12245  0.510204  1.41799e+06
-0.918367  0.510204  2.74712e+06
-0.714286  0.510204  5.73185e+06
-0.510204  0.510204  1.27133e+07
-0.306122  0.510204  2.77244e+07
-0.102041  0.510204  4.76084e+07
0.102041  0.510204  4.76084e+07
0.306122  0.510204  2.77245e+07
0.510204  0.510204  1.27134e+07
0.714286  0.510204  5.73189e+06
0.918367  0.510204  2.74714e+06
1.12245  0.510204  1.418e+06
1.32653  0.510204  783088
1.53061  0.510204  457811
1.73469  0.510204  280514
1.93878  0.510204  178630
2.14286  0.510204  117411
2.34694  0.510204  79214.9
2.55102  0.510204  54613.5
2.7551  0.510204  38334.4
2.95918  0.510204  27311.7
3.16327  0.510204  19700.2
3.36735  0.510204  14355.2
3.57143  0.510204  10547.6
3.77551  0.510204  7801.65
3.97959  0.510204  5800.68
4.18367  0.510204  4329.69
4.38776  0.510204  3240.36
4.59184  0.510204  2428.82
4.79592  0.510204  1821.34
5  0.510204  1364.94
-5  0.714286  5061.05
-4.79592  0.714286  6744.31
-4.59184  0.714286  8979.5
-4.38776  0.714286  11957.2
-4.18367  0.714286  15941.3
-3.97959  0.714286  21301.1
-3.77551  0.714286  28559.8
-3.57143  0.714286  38469.2
-3.36735  0.714286  52125.5
-3.16327  0.714286  71155
-2.95918  0.714286  98014.6
-2.7551  0.714286  136494
-2.55102  0.714286  192576
-2.34694  0.714286  275938
-2.14286  0.714286  402689
-1.93878  0.714286  600457
-1.73469  0.714286  918191
-1.53061  0.714286  1.44559e+06
-1.32653  0.714286  2.35238e+06
-1.12245  0.714286  3.96746e+06
-0.918367  0.714286  6.92871e+06
-0.714286  0.714286  1.23985e+07
-0.510204  0.714286  2.20196e+07
-0.306122  0.714286  3.61447e+07
-0.102041  0.714286  4.88398e+07
0.102041  0.714286  4.88398e+07
0.306122  0.714286  3.61449e+07
0.510204  0.714286  2.20197e+07
0.714286  0.714286  1.23986e+07
0.918367  0.714286  6.9288e+06
1.12245  0.714286  3.96753e+06
1.32653  0.714286  2.35243e+06
1.53061  0.714286  1.44563e+06
1.73469  0.714286  918216
1.93878  0.714286  600475
2.14286  0.714286  402703
2.34694  0.714286  275949
2.55102  0.714286  192584
2.7551  0.714286  136501
2.95918  0.714286  98019.6
3.16327  0.714286  71158.9
3.36735  0.714286  52128.7
3.57143  0.714286  38471.7
3.77551  0.714286  28561.8
3.97959  0.714286  21302.8
4.18367  0.714286  15942.7
4.38776  0.714286  11958.3
4.59184  0.714286  8980.4
4.79592  0.714286  6745.05
5  0.714286  5061.65
-5  0.918367  13196.4
-4.79592  0.918367  17555
-4.59184  0.918367  23324.9
-4.38776  0.918367  30984.1
-4.18367  0.918367  41189.1
-3.97959  0.918367  54851.3
-3.77551  0.918367  73249.3
-3.57143  0.918367  98199
-3.36735  0.918367  132314
-3.16327  0.918367  179409
-2.95918  0.918367  245145
-2.7551  0.918367  338059
-2.55102  0.918367  471267
-2.34694  0.918367  665309
-2.14286  0.918367  952996
-1.93878  0.918367  1.38779e+06
-1.73469  0.918367  2.05837e+06
-1.53061  0.918367  3.11388e+06
-1.32653  0.918367  4.80585e+06
-1.12245  0.918367  7.55032e+06
-0.918367  0.918367  1.19892e+07
-0.714286  0.918367  1.89336e+07
-0.510204  0.918367  2.88384e+07
-0.306122  0.918367  4.034e+07
-0.102041  0.918367  4.87989e+07
0.102041  0.918367  4.8799e+07
0.306122  0.918367  4.03402e+07
0.510204  0.918367  2.88387e+07
0.714286  0.918367  1.89338e+07
0.918367  0.918367  1.19894e+07
1.12245  0.918367  7.55048e+06
1.32653  0.918367  4.80598e+06
1.53061  0.918367  3.11398e+06
1.73469  0.918367  2.05844e+06
1.93878  0.918367  1.38784e+06
2.14286  0.918367  953038
2.34694  0.918367  665342
2.55102  0.918367  471293
2.7551  0.918367  338079
2.95918  0.918367  245161
3.16327  0.918367  179422
3.36735  0.918367  132324
3.57143  0.918367  98207.3
3.77551  0.918367  73256
3.97959  0.918367  54856.8
4.18367  0.918367  41193.6
4.38776  0.918367  30987.7
4.59184  0.918367  23327.9
4.79592  0.918367  17557.4
5  0.918367  13198.4
-5  1.12245  27781.5
-4.79592  1.12245  36880.9
-4.59184  1.12245  48881.9
-4.38776  1.12245  64743.6
-4.18367  1.12245  85772.4
-3.97959  1.12245  113762
-3.77551  1.12245  151200
-3.57143  1.12245  201570
-3.36735  1.12245  269808
-3.16327  1.12245  362985
-2.95918  1.12245  491362
-2.7551  1.12245  670016
-2.55102  1.12245  921391
-2.34694  1.12245  1.27931e+06
-2.14286  1.12245  1.79535e+06
-1.93878  1.12245  2.54872e+06
-1.73469  1.12245  3.66153e+06
-1.53061  1.12245  5.32039e+06
-1.32653  1.12245  7.8027e+06
-1.12245  1.12245  1.14938e+07
-0.918367  1.12245  1.68488e+07
-0.714286  1.12245  2.41934e+07
-0.510204  1.12245  3.32177e+07
-0.306122  1.12245  4.2251e+07
-0.102041  1.12245  4.81756e+07
0.102041  1.12245  4.81758e+07
0.306122  1.12245  4.22513e+07
0.510204  1.12245  3.32181e+07
0.714286  1.12245  2.41938e+07
0.918367  1.12245  1.68492e+07
1.12245  1.12245  1.14941e+07
1.32653  1.12245  7.80295e+06
1.53061  1.12245  5.32058e+06
1.73469  1.12245  3.66169e+06
1.93878  1.12245  2.54885e+06
2.14286  1.12245  1.79544e+06
2.34694  1.12245  1.27939e+06
2.55102  1.12245  921451
2.7551  1.12245  670064
2.95918  1.12245  491401
3.16327  1.12245  363016
3.36735  1.12245  269833
3.57143  1.12245  201591
3.77551  1.12245  151217
3.97959  1.12245  113776
4.18367  1.12245  85783.7
4.38776  1.12245  64752.9
4.59184  1.12245  48889.5
4.79592  1.12245  36887.2
5  1.12245  27786.7
-5  1.32653  50561
-4.79592  1.32653  66963.2
-4.59184  1.32653  88503
-4.38776  1.32653  116832
-4.18367  1.32653  154175
-3.97959  1.32653  203552
-3.77551  1.32653  269093
-3.57143  1.32653  356493
-3.36735  1.32653  473671
-3.16327  1.32653  631739
-2.95918  1.32653  846420
-2.7551  1.32653  1.14015e+06
-2.55102  1.32653  1.54516e+06
-2.34694  1.32653  2.10804e+06
-2.14286  1.32653  2.89621e+06
-1.93878  1.32653  4.00689e+06
-1.73469  1.32653  5.57836e+06
-1.53061  1.32653  7.80129e+06
-1.32653  1.32653  1.09225e+07
-1.12245  1.32653  1.52213e+07
-0.918367  1.32653  2.09209e+07
-0.714286  1.32653  2.79832e+07
-0.510204  1.32653  3.57856e+07
-0.306122  1.32653  4.28681e+07
-0.102041  1.32653  4.71961e+07
0.102041  1.32653  4.71962e+07
0.306122  1.32653  4.28684e+07
0.510204  1.32653  3.57861e+07
0.714286  1.32653  2.79838e+07
0.918367  1.32653  2.09214e+07
1.12245  1.32653  1.52218e+07
1.32653  1.32653  1.09229e+07
1.53061  1.32653  7.80164e+06
1.73469  1.32653  5.57864e+06
1.93878  1.32653  4.00711e+06
2.14286  1.32653  2.89639e+06
2.34694  1.32653  2.10819e+06
2.55102  1.32653  1.54528e+06
2.7551  1.32653  1.14024e+06
2.95918  1.32653  846499
3.16327  1.32653  631804
3.36735  1.32653  473724
3.57143  1.32653  356536
3.77551  1.32653  269129
3.97959  1.32653  203581
4.18367  1.32653  154199
4.38776  1.32653  116852
4.59184  1.32653  88519.3
4.79592  1.32653  66976.6
5  1.32653  50572.1
-5  1.53061  82703.2
-4.79592  1.53061  109249
-4.59184  1.53061  143944
-4.38776  1.53061  189327
-4.18367  1.53061  248775
-3.97959  1.53061  326812
-3.77551  1.53061  429532
-3.57143  1.53061  565193
-3.36735  1.53061  745049
-3.16327  1.53061  984524
-2.95918  1.53061  1.30486e+06
-2.7551  1.53061  1.73541e+06
-2.55102  1.53061  2.31677e+06
-2.34694  1.53061  3.105e+06
-2.14286  1.53061  4.17689e+06
-1.93878  1.53061  5.6359e+06
-1.73469  1.53061  7.61705e+06
-1.53061  1.53061  1.02867e+07
-1.32653  1.53061  1.38281e+07
-1.12245  1.53061  1.83969e+07
-0.918367  1.53061  2.40275e+07
-0.714286  1.53061  3.04812e+07
-0.510204  1.53061  3.70833e+07
-0.306122  1.53061  4.26879e+07
-0.102041  1.53061  4.59576e+07
0.102041  1.53061  4.59578e+07
0.306122  1.53061  4.26883e+07
0.510204  1.53061  3.70839e+07
0.714286  1.53061  3.04819e+07
0.918367  1.53061  2.40282e+07
1.12245  1.53061  1.83976e+07
1.32653  1.53061  1.38287e+07
1.53061  1.53061  1.02872e+07
1.73469  1.53061  7.61749e+06
1.93878  1.53061  5.63626e+06
2.14286  1.53061  4.1772e+06
2.34694  1.53061  3.10525e+06
2.55102  1.53061  2.31698e+06
2.7551  1.53061  1.73558e+06
2.95918  1.53061  1.305e+06
3.16327  1.53061  984640
3.36735  1.53061  745144
3.57143  1.53061  565272
3.77551  1.53061  429597
3.97959  1.53061  326866
4.18367  1.53061  248819
4.38776  1.53061  189364
4.59184  1.53061  143975
4.79592  1.53061  109274
5  1.53061  82724
-5  1.73469  124575
-4.79592  1.73469  164107
-4.59184  1.73469  215512
-4.38776  1.73469  282358
-4.18367  1.73469  369333
-3.97959  1.73469  482625
-3.77551  1.73469  630435
-3.57143  1.73469  823663
-3.36735  1.73469  1.07685e+06
-3.16327  1.73469  1.40944e+06
-2.95918  1.73469  1.84741e+06
-2.7551  1.73469  2.4255e+06
-2.55102  1.73469  3.18983e+06
-2.34694  1.73469  4.20111e+06
-2.14286  1.73469  5.53777e+06
-1.93878  1.73469  7.29812e+06
-1.73469  1.73469  9.59901e+06
-1.53061  1.73469  1.25667e+07
-1.32653  1.73469  1.63131e+07
-1.12245  1.73469  2.08882e+07
-0.918367  1.73469  2.62038e+07
-0.714286  1.73469  3.19414e+07
-0.510204  1.73469  3.7487e+07
-0.306122  1.73469  4.19763e+07
-0.102041  1.73469  4.45132e+07
0.102041  1.73469  4.45133e+07
0.306122  1.73469  4.19768e+07
0.510204  1.73469  3.74877e+07
0.714286  1.73469  3.19422e+07
0.918367  1.73469  2.62047e+07
1.12245  1.73469  2.0889e+07
1.32653  1.73469  1.63139e+07
1.53061  1.73469  1.25675e+07
1.73469  1.73469  9.59963e+06
1.93878  1.73469  7.29866e+06
2.14286  1.73469  5.53823e+06
2.34694  1.73469  4.20149e+06
2.55102  1.73469  3.19015e+06
2.7551  1.73469  2.42577e+06
2.95918  1.73469  1.84764e+06
3.16327  1.73469  1.40962e+06
3.36735  1.73469  1.07701e+06
3.57143  1.73469  823793
3.77551  1.73469  630542
3.97959  1.73469  482715
4.18367  1.73469  369407
4.38776  1.73469  282420
4.59184  1.73469  215563
4.79592  1.73469  164149
5  1.73469  124611
-5  1.93878  175629
-4.79592  1.93878  230701
-4.59184  1.93878  301929
-4.38776  1.93878  393982
-4.18367  1.93878  512914
-3.97959  1.93878  666589
-3.77551  1.93878  865249
-3.57143  1.93878  1.12224e+06
-3.36735  1.93878  1.45496e+06
-3.16327  1.93878  1.88605e+06
-2.95918  1.93878  2.44489e+06
-2.7551  1.93878  3.16935e+06
-2.55102  1.93878  4.10766e+06
-2.34694  1.93878  5.32014e+06
-2.14286  1.93878  6.8801e+06
-1.93878  1.93878  8.87241e+06
-1.73469  1.93878  1.13877e+07
-1.53061  1.93878  1.45085e+07
-1.32653  1.93878  1.82836e+07
-1.12245  1.93878  2.26874e+07
-0.918367  1.93878  2.75669e+07
-0.714286  1.93878  3.25932e+07
-0.510204  1.93878  3.72481e+07
-0.306122  1.93878  4.08878e+07
-0.102041  1.93878  4.28981e+07
0.102041  1.93878  4.28982e+07
0.306122  1.93878  4.08883e+07
0.510204  1.93878  3.72489e+07
0.714286  1.93878  3.25941e+07
0.918367  1.93878  2.75679e+07
1.12245  1.93878  2.26884e+07
1.32653  1.93878  1.82846e+07
1.53061  1.93878  1.45094e+07
1.73469  1.93878  1.13885e+07
1.93878  1.93878  8.87314e+06
2.14286  1.93878  6.88073e+06
2.34694  1.93878  5.32068e+06
2.55102  1.93878  4.10812e+06
2.7551  1.93878  3.16974e+06
2.95918  1.93878  2.44522e+06
3.16327  1.93878  1.88633e+06
3.36735  1.93878  1.45519e+06
3.57143  1.93878  1.12244e+06
3.77551  1.93878  865414
3.97959  1.93878  666727
4.18367  1.93878  513029
4.38776  1.93878  394078
4.59184  1.93878  302009
4.79592  1.93878  230767
5  1.93878  175685
-5  2.14286  234410
-4.79592  2.14286  307021
-4.59184  2.14286  400415
-4.38776  2.14286  520351
-4.18367  2.14286  674188
-3.97959  2.14286  871335
-3.77551  2.14286  1.12382e+06
-3.57143  2.14286  1.44699e+06
-3.36735  2.14286  1.86037e+06
-3.16327  2.14286  2.38871e+06
-2.95918  2.14286  3.0631e+06
-2.7551  2.14286  3.92214e+06
-2.55102  2.14286  5.01289e+06
-2.34694  2.14286  6.39115e+06
-2.14286  2.14286  8.12031e+06
-1.93878  2.14286  1.02675e+07
-1.73469  2.14286  1.28952e+07
-1.53061  2.14286  1.60466e+07
-1.32653  2.14286  1.97222e+07
-1.12245  2.14286  2.38495e+07
-0.918367  2.14286  2.82505e+07
-0.714286  2.14286  3.262e+07
-0.510204  2.14286  3.65364e+07
-0.306122  2.14286  3.95197e+07
-0.102041  2.14286  4.114e+07
0.102041  2.14286  4.11402e+07
0.306122  2.14286  3.95202e+07
0.510204  2.14286  3.65372e+07
0.714286  2.14286  3.26211e+07
0.918367  2.14286  2.82516e+07
1.12245  2.14286  2.38507e+07
1.32653  2.14286  1.97233e+07
1.53061  2.14286  1.60477e+07
1.73469  2.14286  1.28962e+07
1.93878  2.14286  1.02684e+07
2.14286  2.14286  8.12113e+06
2.34694  2.14286  6.39186e+06
2.55102  2.14286  5.01351e+06
2.7551  2.14286  3.92267e+06
2.95918  2.14286  3.06356e+06
3.16327  2.14286  2.3891e+06
3.36735  2.14286  1.8607e+06
3.57143  2.14286  1.44726e+06
3.77551  2.14286  1.12405e+06
3.97959  2.14286  871533
4.18367  2.14286  674354
4.38776  2.14286  520491
4.59184  2.14286  400532
4.79592  2.14286  307119
5  2.14286  234492
-5  2.34694  298667
-4.79592  2.34694  390061
-4.59184  2.34694  506954
-4.38776  2.34694  656103
-4.18367  2.34694  846016
-3.97959  2.34694  1.08739e+06
-3.77551  2.34694  1.39363e+06
-3.57143  2.34694  1.78149e+06
-3.36735  2.34694  2.27176e+06
-3.16327  2.34694  2.89004e+06
-2.95918  2.34694  3.66747e+06
-2.7551  2.34694  4.64122e+06
-2.55102  2.34694  5.85457e+06
-2.34694  2.34694  7.35597e+06
-2.14286  2.34694  9.19645e+06
-1.93878  2.34694  1.14244e+07
-1.73469  2.34694  1.40766e+07
-1.53061  2.34694  1.71645e+07
-1.32653  2.34694  2.06559e+07
-1.12245  2.34694  2.4454e+07
-0.918367  2.34694  2.83791e+07
-0.714286  2.34694  3.21638e+07
-0.510204  2.34694  3.54702e+07
-0.306122  2.34694  3.79391e+07
-0.102041  2.34694  3.9263e+07
0.102041  2.34694  3.92632e+07
0.306122  2.34694  3.79397e+07
0.510204  2.34694  3.54711e+07
0.714286  2.34694  3.21649e+07
0.918367  2.34694  2.83804e+07
1.12245  2.34694  2.44553e+07
1.32653  2.34694  2.06573e+07
1.53061  2.34694  1.71658e+07
1.73469  2.34694  1.40778e+07
1.93878  2.34694  1.14255e+07
2.14286  2.34694  9.19746e+06
2.34694  2.34694  7.35686e+06
2.55102  2.34694  5.85535e+06
2.7551  2.34694  4.6419e+06
2.95918  2.34694  3.66806e+06
3.16327  2.34694  2.89055e+06
3.36735  2.34694  2.2722e+06
3.57143  2.34694  1.78186e+06
3.77551  2.34694  1.39395e+06
3.97959  2.34694  1.08766e+06
4.18367  2.34694  846243
4.38776  2.34694  656294
4.59184  2.34694  507115
4.79592  2.34694  390196
5  2.34694  298780
-5  2.55102  365552
-4.79592  2.55102  476091
-4.59184  2.55102  616675
-4.38776  2.55102  794902
-4.18367  2.55102  1.02019e+06
-3.97959  2.55102  1.30419e+06
-3.77551  2.55102  1.6612e+06
-3.57143  2.55102  2.1087e+06
-3.36735  2.55102  2.66784e+06
-3.16327  2.55102  3.36393e+06
-2.95918  2.55102  4.22668e+06
-2.7551  2.55102  5.29019e+06
-2.55102  2.55102  6.59222e+06
-2.34694  2.55102  8.17244e+06
-2.14286  2.55102  1.0069e+07
-1.93878  2.55102  1.23129e+07
-1.73469  2.55102  1.49196e+07
-1.53061  2.55102  1.78776e+07
-1.32653  2.55102  2.11347e+07
-1.12245  2.55102  2.45851e+07
-0.918367  2.55102  2.80607e+07
-0.714286  2.55102  3.13338e+07
-0.510204  2.55102  3.41359e+07
-0.306122  2.55102  3.61958e+07
-0.102041  2.55102  3.72895e+07
0.102041  2.55102  3.72897e+07
0.306122  2.55102  3.61964e+07
0.510204  2.55102  3.41368e+07
0.714286  2.55102  3.1335e+07
0.918367  2.55102  2.80621e+07
1.12245  2.55102  2.45866e+07
1.32653  2.55102  2.11362e+07
1.53061  2.55102  1.78791e+07
1.73469  2.55102  1.4921e+07
1.93878  2.55102  1.23142e+07
2.14286  2.55102  1.00702e+07
2.34694  2.55102  8.17351e+06
2.55102  2.55102  6.59318e+06
2.7551  2.55102  5.29103e+06
2.95918  2.55102  4.22741e+06
3.16327  2.55102  3.36457e+06
3.36735  2.55102  2.6684e+06
3.57143  2.55102  2.10918e+06
3.77551  2.55102  1.66161e+06
3.97959  2.55102  1.30454e+06
4.18367  2.55102  1.02049e+06
4.38776  2.55102  795153
4.59184  2.55102  616886
4.79592  2.55102  476270
5  2.55102  365702
-5  2.7551  431872
-4.79592  2.7551  560995
-4.59184  2.7551  724304
-4.38776  2.7551  930035
-4.18367  2.7551  1.18824e+06
-3.97959  2.7551  1.51112e+06
-3.77551  2.7551  1.91337e+06
-3.57143  2.7551  2.41254e+06
-3.36735  2.7551  3.02934e+06
-3.16327  2.7551  3.78776e+06
-2.95918  2.7551  4.71505e+06
-2.7551  2.7551  5.84114e+06
-2.55102  2.7551  7.19739e+06
-2.34694  2.7551  8.8144e+06
-2.14286  2.7551  1.07183e+07
-1.93878  2.7551  1.29253e+07
-1.73469  2.7551  1.54346e+07
-1.53061  2.7551  1.82193e+07
-1.32653  2.7551  2.12172e+07
-1.12245  2.7551  2.4323e+07
-0.918367  2.7551  2.73859e+07
-0.714286  2.7551  3.02155e+07
-0.510204  2.7551  3.25988e+07
-0.306122  2.7551  3.43292e+07
-0.102041  2.7551  3.52408e+07
0.102041  2.7551  3.5241e+07
0.306122  2.7551  3.43298e+07
0.510204  2.7551  3.25998e+07
0.714286  2.7551  3.02167e+07
0.918367  2.7551  2.73874e+07
1.12245  2.7551  2.43245e+07
1.32653  2.7551  2.12188e+07
1.53061  2.7551  1.82209e+07
1.73469  2.7551  1.54362e+07
1.93878  2.7551  1.29268e+07
2.14286  2.7551  1.07197e+07
2.34694  2.7551  8.81564e+06
2.55102  2.7551  7.19851e+06
2.7551  2.7551  5.84213e+06
2.95918  2.7551  4.71594e+06
3.16327  2.7551  3.78854e+06
3.36735  2.7551  3.03001e+06
3.57143  2.7551  2.41313e+06
3.77551  2.7551  1.91387e+06
3.97959  2.7551  1.51155e+06
4.18367  2.7551  1.18861e+06
4.38776  2.7551  930349
4.59184  2.7551  724570
4.79592  2.7551  561221
5  2.7551  432062
-5  2.95918  494351
-4.79592  2.95918  640618
-4.59184  2.95918  824610
-4.38776  2.95918  1.05498e+06
-4.18367  2.95918  1.3421e+06
-3.97959  2.95918  1.69835e+06
-3.77551  2.95918  2.13835e+06
-3.57143  2.95918  2.67914e+06
-3.36735  2.95918  3.34028e+06
-3.16327  2.95918  4.1438e+06
-2.95918  2.95918  5.11373e+06
-2.7551  2.95918  6.27529e+06
-2.55102  2.95918  7.65333e+06
-2.34694  2.95918  9.26989e+06
-2.14286  2.95918  1.11407e+07
-1.93878  2.95918  1.32702e+07
-1.73469  2.95918  1.56461e+07
-1.53061  2.95918  1.82323e+07
-1.32653  2.95918  2.09632e+07
-1.12245  2.95918  2.37399e+07
-0.918367  2.95918  2.64304e+07
-0.714286  2.95918  2.8877e+07
-0.510204  2.95918  3.09106e+07
-0.306122  2.95918  3.23723e+07
-0.102041  2.95918  3.31375e+07
0.102041  2.95918  3.31377e+07
0.306122  2.95918  3.23728e+07
0.510204  2.95918  3.09115e+07
0.714286  2.95918  2.88782e+07
0.918367  2.95918  2.64319e+07
1.12245  2.95918  2.37415e+07
1.32653  2.95918  2.09649e+07
1.53061  2.95918  1.8234e+07
1.73469  2.95918  1.56478e+07
1.93878  2.95918  1.32718e+07
2.14286  2.95918  1.11422e+07
2.34694  2.95918  9.27128e+06
2.55102  2.95918  7.6546e+06
2.7551  2.95918  6.27643e+06
2.95918  2.95918  5.11475e+06
3.16327  2.95918  4.1447e+06
3.36735  2.95918  3.34108e+06
3.57143  2.95918  2.67983e+06
3.77551  2.95918  2.13895e+06
3.97959  2.95918  1.69887e+06
4.18367  2.95918  1.34254e+06
4.38776  2.95918  1.05536e+06
4.59184  2.95918  824934
4.79592  2.95918  640892
5  2.95918  494583
-5  3.16327  549891
-4.79592  3.16327  711085
-4.59184  3.16327  912806
-4.38776  3.16327  1.16388e+06
-4.18367  3.16327  1.47473e+06
-3.97959  3.16327  1.85757e+06
-3.77551  3.16327  2.3265e+06
-3.57143  3.16327  2.8976e+06
-3.36735  3.16327  3.58883e+06
-3.16327  3.16327  4.41973e+06
-2.95918  3.16327  5.41084e+06
-2.7551  3.16327  6.58258e+06
-2.55102  3.16327  7.95361e+06
-2.34694  3.16327  9.53847e+06
-2.14286  3.16327  1.13443e+07
-1.93878  3.16327  1.33671e+07
-1.73469  3.16327  1.55867e+07
-1.53061  3.16327  1.79626e+07
-1.32653  3.16327  2.04303e+07
-1.12245  3.16327  2.28998e+07
-0.918367  3.16327  2.52575e+07
-0.714286  3.16327  2.73736e+07
-0.510204  3.16327  2.91133e+07
-0.306122  3.16327  3.03537e+07
-0.102041  3.16327  3.09997e+07
0.102041  3.16327  3.09999e+07
0.306122  3.16327  3.03542e+07
0.510204  3.16327  2.91143e+07
0.714286  3.16327  2.73748e+07
0.918367  3.16327  2.5259e+07
1.12245  3.16327  2.29015e+07
1.32653  3.16327  2.04321e+07
1.53061  3.16327  1.79644e+07
1.73469  3.16327  1.55884e+07
1.93878  3.16327  1.33688e+07
2.14286  3.16327  1.1346e+07
2.34694  3.16327  9.53999e+06
2.55102  3.16327  7.95501e+06
2.7551  3.16327  6.58385e+06
2.95918  3.16327  5.41199e+06
3.16327  3.16327  4.42075e+06
3.36735  3.16327  3.58973e+06
3.57143  3.16327  2.89839e+06
3.77551  3.16327  2.32719e+06
3.97959  3.16327  1.85817e+06
4.18367  3.16327  1.47525e+06
4.38776  3.16327  1.16432e+06
4.59184  3.16327  913186
4.79592  3.16327  711408
5  3.16327  550164
-5  3.36735  595789
-4.79592  3.36735  769075
-4.59184  3.36735  984866
-4.38776  3.36735  1.25195e+06
-4.18367  3.36735  1.58054e+06
-3.97959  3.36735  1.98237e+06
-3.77551  3.36735  2.47073e+06
-3.57143  3.36735  3.06039e+06
-3.36735  3.36735  3.76741e+06
-3.16327  3.36735  4.60866e+06
-2.95918  3.36735  5.60108e+06
-2.7551  3.36735  6.76056e+06
-2.55102  3.36735  8.10027e+06
-2.34694  3.36735  9.62849e+06
-2.14286  3.36735  1.13458e+07
-1.93878  3.36735  1.32421e+07
-1.73469  3.36735  1.52927e+07
-1.53061  3.36735  1.74561e+07
-1.32653  3.36735  1.96714e+07
-1.12245  3.36735  2.18584e+07
-0.918367  3.36735  2.39206e+07
-0.714286  3.36735  2.57511e+07
-0.510204  3.36735  2.72427e+07
-0.306122  3.36735  2.82988e+07
-0.102041  3.36735  2.88467e+07
0.102041  3.36735  2.88469e+07
0.306122  3.36735  2.82994e+07
0.510204  3.36735  2.72436e+07
0.714286  3.36735  2.57524e+07
0.918367  3.36735  2.3922e+07
1.12245  3.36735  2.18601e+07
1.32653  3.36735  1.96732e+07
1.53061  3.36735  1.7458e+07
1.73469  3.36735  1.52946e+07
1.93878  3.36735  1.32438e+07
2.14286  3.36735  1.13475e+07
2.34694  3.36735  9.63011e+06
2.55102  3.36735  8.10178e+06
2.7551  3.36735  6.76194e+06
2.95918  3.36735  5.60233e+06
3.16327  3.36735  4.60978e+06
3.36735  3.36735  3.76841e+06
3.57143  3.36735  3.06128e+06
3.77551  3.36735  2.4715e+06
3.97959  3.36735  1.98304e+06
4.18367  3.36735  1.58112e+06
4.38776  3.36735  1.25245e+06
4.59184  3.36735  985297
4.79592  3.36735  769443
5  3.36735  596101
-5  3.57143  629907
-4.79592  3.57143  812010
-4.59184  3.57143  1.03775e+06
-4.38776  3.57143  1.31568e+06
-4.18367  3.57143  1.65559e+06
-3.97959  3.57143  2.06852e+06
-3.77551  3.57143  2.5667e+06
-3.57143  3.57143  3.16342e+06
-3.36735  3.57143  3.87265e+06
-3.16327  3.57143  4.70859e+06
-2.95918  3.57143  5.68478e+06
-2.7551  3.57143  6.81304e+06
-2.55102  3.57143  8.10185e+06
-2.34694  3.57143  9.55452e+06
-2.14286  3.57143  1.11669e+07
-1.93878  3.57143  1.29247e+07
-1.73469  3.57143  1.48016e+07
-1.53061  3.57143  1.67567e+07
-1.32653  3.57143  1.87343e+07
-1.12245  3.57143  2.06642e+07
-0.918367  3.57143  2.24648e+07
-0.714286  3.57143  2.40484e+07
-0.510204  3.57143  2.53291e+07
-0.306122  3.57143  2.62308e+07
-0.102041  3.57143  2.66969e+07
0.102041  3.57143  2.66971e+07
0.306122  3.57143  2.62313e+07
0.510204  3.57143  2.533e+07
0.714286  3.57143  2.40496e+07
0.918367  3.57143  2.24662e+07
1.12245  3.57143  2.06659e+07
1.32653  3.57143  1.87361e+07
1.53061  3.57143  1.67586e+07
1.73469  3.57143  1.48034e+07
1.93878  3.57143  1.29265e+07
2.14286  3.57143  1.11686e+07
2.34694  3.57143  9.55621e+06
2.55102  3.57143  8.10343e+06
2.7551  3.57143  6.8145e+06
2.95918  3.57143  5.68612e+06
3.16327  3.57143  4.70979e+06
3.36735  3.57143  3.87373e+06
3.57143  3.57143  3.16437e+06
3.77551  3.57143  2.56755e+06
3.97959  3.57143  2.06926e+06
4.18367  3.57143  1.65623e+06
4.38776  3.57143  1.31623e+06
4.59184  3.57143  1.03822e+06
4.79592  3.57143  812418
5  3.57143  630253
-5  3.77551  650785
-4.79592  3.77551  838183
-4.59184  3.77551  1.06952e+06
-4.38776  3.77551  1.35296e+06
-4.18367  3.77551  1.69771e+06
-3.97959  3.77551  2.11396e+06
-3.77551  3.77551  2.61273e+06
-3.57143  3.77551  3.20573e+06
-3.36735  3.77551  3.90488e+06
-3.16327  3.77551  4.72179e+06
-2.95918  3.77551  5.66694e+06
-2.7551  3.77551  6.74863e+06
-2.55102  3.77551  7.97154e+06
-2.34694  3.77551  9.33519e+06
-2.14286  3.77551  1.08321e+07
-1.93878  3.77551  1.24459e+07
-1.73469  3.77551  1.41497e+07
-1.53061  3.77551  1.59051e+07
-1.32653  3.77551  1.7662e+07
-1.12245  3.77551  1.93594e+07
-0.918367  3.77551  2.09289e+07
-0.714286  3.77551  2.22986e+07
-0.510204  3.77551  2.33991e+07
-0.306122  3.77551  2.41703e+07
-0.102041  3.77551  2.45679e+07
0.102041  3.77551  2.4568e+07
0.306122  3.77551  2.41709e+07
0.510204  3.77551  2.34e+07
0.714286  3.77551  2.22997e+07
0.918367  3.77551  2.09303e+07
1.12245  3.77551  1.9361e+07
1.32653  3.77551  1.76637e+07
1.53061  3.77551  1.5907e+07
1.73469  3.77551  1.41516e+07
1.93878  3.77551  1.24477e+07
2.14286  3.77551  1.08339e+07
2.34694  3.77551  9.33692e+06
2.55102  3.77551  7.97316e+06
2.7551  3.77551  6.75014e+06
2.95918  3.77551  5.66833e+06
3.16327  3.77551  4.72305e+06
3.36735  3.77551  3.90601e+06
3.57143  3.77551  3.20674e+06
3.77551  3.77551  2.61363e+06
3.97959  3.77551  2.11474e+06
4.18367  3.77551  1.6984e+06
4.38776  3.77551  1.35355e+06
4.59184  3.77551  1.07003e+06
4.79592  3.77551  838622
5  3.77551  651159
-5  3.97959  657690
-4.79592  3.97959  846797
-4.59184  3.97959  1.07937e+06
-4.38776  3.97959  1.36308e+06
-4.18367  3.97959  1.70644e+06
-3.97959  3.97959  2.11866e+06
-3.77551  3.97959  2.60955e+06
-3.57143  3.97959  3.1892e+06
-3.36735  3.97959  3.86756e+06
-3.16327  3.97959  4.65392e+06
-2.95918  3.97959  5.55607e+06
-2.7551  3.97959  6.57937e+06
-2.55102  3.97959  7.72557e+06
-2.34694  3.97959  8.99143e+06
-2.14286  3.97959  1.03674e+07
-1.93878  3.97959  1.18362e+07
-1.73469  3.97959  1.33716e+07
-1.53061  3.97959  1.49385e+07
-1.32653  3.97959  1.64922e+07
-1.12245  3.97959  1.79806e+07
-0.918367  3.97959  1.93462e+07
-0.714286  3.97959  2.053e+07
-0.510204  3.97959  2.14761e+07
-0.306122  3.97959  2.21364e+07
-0.102041  3.97959  2.24759e+07
0.102041  3.97959  2.24761e+07
0.306122  3.97959  2.21369e+07
0.510204  3.97959  2.14769e+07
0.714286  3.97959  2.05312e+07
0.918367  3.97959  1.93476e+07
1.12245  3.97959  1.79822e+07
1.32653  3.97959  1.64939e+07
1.53061  3.97959  1.49403e+07
1.73469  3.97959  1.33735e+07
1.93878  3.97959  1.1838e+07
2.14286  3.97959  1.03692e+07
2.34694  3.97959  8.99317e+06
2.55102  3.97959  7.72721e+06
2.7551  3.97959  6.58091e+06
2.95918  3.97959  5.55748e+06
3.16327  3.97959  4.65521e+06
3.36735  3.97959  3.86873e+06
3.57143  3.97959  3.19025e+06
3.77551  3.97959  2.61049e+06
3.97959  3.97959  2.11949e+06
4.18367  3.97959  1.70716e+06
4.38776  3.97959  1.36371e+06
4.59184  3.97959  1.07991e+06
4.79592  3.97959  847259
5  3.97959  658082
-5  4.18367  650613
-4.79592  4.18367  837947
-4.59184  4.18367  1.06759e+06
-4.38776  4.18367  1.34665e+06
-4.18367  4.18367  1.68286e+06
-3.97959  4.18367  2.08444e+06
-3.77551  4.18367  2.55996e+06
-3.57143  4.18367  3.11798e+06
-3.36735  4.18367  3.76666e+06
-3.16327  4.18367  4.5132e+06
-2.95918  4.18367  5.36316e+06
-2.7551  4.18367  6.31956e+06
-2.55102  4.18367  7.3819e+06
-2.34694  4.18367  8.54513e+06
-2.14286  4.18367  9.79852e+06
-1.93878  4.18367  1.11248e+07
-1.73469  4.18367  1.24993e+07
-1.53061  4.18367  1.38902e+07
-1.32653  4.18367  1.52585e+07
-1.12245  4.18367  1.65595e+07
-0.918367  4.18367  1.77453e+07
-0.714286  4.18367  1.87674e+07
-0.510204  4.18367  1.95804e+07
-0.306122  4.18367  2.0146e+07
-0.102041  4.18367  2.04362e+07
0.102041  4.18367  2.04364e+07
0.306122  4.18367  2.01465e+07
0.510204  4.18367  1.95812e+07
0.714286  4.18367  1.87685e+07
0.918367  4.18367  1.77466e+07
1.12245  4.18367  1.6561e+07
1.32653  4.18367  1.52601e+07
1.53061  4.18367  1.38919e+07
1.73469  4.18367  1.25011e+07
1.93878  4.18367  1.11266e+07
2.14286  4.18367  9.80029e+06
2.34694  4.18367  8.54684e+06
2.55102  4.18367  7.38353e+06
2.7551  4.18367  6.32109e+06
2.95918  4.18367  5.36458e+06
3.16327  4.18367  4.51451e+06
3.36735  4.18367  3.76784e+06
3.57143  4.18367  3.11904e+06
3.77551  4.18367  2.56091e+06
3.97959  4.18367  2.08528e+06
4.18367  4.18367  1.68359e+06
4.38776  4.18367  1.34729e+06
4.59184  4.18367  1.06815e+06
4.79592  4.18367  838420
5  4.18367  651015
-5  4.38776  630222
-4.79592  4.38776  812543
-4.59184  4.38776  1.03545e+06
-4.38776  4.38776  1.30541e+06
-4.18367  4.38776  1.62937e+06
-3.97959  4.38776  2.01458e+06
-3.77551  4.38776  2.46841e+06
-3.57143  4.38776  2.998e+06
-3.36735  4.38776  3.60994e+06
-3.16327  4.38776  4.30964e+06
-2.95918  4.38776  5.10082e+06
-2.7551  4.38776  5.9847e+06
-2.55102  4.38776  6.95919e+06
-2.34694  4.38776  8.01809e+06
-2.14286  4.38776  9.15029e+06
-1.93878  4.38776  1.03391e+07
-1.73469  4.38776  1.15618e+07
-1.53061  4.38776  1.279e+07
-1.32653  4.38776  1.39899e+07
-1.12245  4.38776  1.51235e+07
-0.918367  4.38776  1.61508e+07
-0.714286  4.38776  1.7032e+07
-0.510204  4.38776  1.77301e+07
-0.306122  4.38776  1.82143e+07
-0.102041  4.38776  1.84624e+07
0.102041  4.38776  1.84625e+07
0.306122  4.38776  1.82148e+07
0.510204  4.38776  1.77308e+07
0.714286  4.38776  1.7033e+07
0.918367  4.38776  1.61521e+07
1.12245  4.38776  1.51249e+07
1.32653  4.38776  1.39914e+07
1.53061  4.38776  1.27917e+07
1.73469  4.38776  1.15635e+07
1.93878  4.38776  1.03408e+07
2.14286  4.38776  9.152e+06
2.34694  4.38776  8.01975e+06
2.55102  4.38776  6.96078e+06
2.7551  4.38776  5.98619e+06
2.95918  4.38776  5.10222e+06
3.16327  4.38776  4.31093e+06
3.36735  4.38776  3.61111e+06
3.57143  4.38776  2.99906e+06
3.77551  4.38776  2.46935e+06
3.97959  4.38776  2.01542e+06
4.18367  4.38776  1.6301e+06
4.38776  4.38776  1.30605e+06
4.59184  4.38776  1.036e+06
4.79592  4.38776  813016
5  4.38776  630624
-5  4.59184  597773
-4.79592  4.59184  772195
-4.59184  4.59184  985002
-4.38776  4.59184  1.24203e+06
-4.18367  4.59184  1.54944e+06
-3.97959  4.59184  1.91354e+06
-3.77551  4.59184  2.34058e+06
-3.57143  4.59184  2.83647e+06
-3.36735  4.59184  3.40638e+06
-3.16327  4.59184  4.05428e+06
-2.95918  4.59184  4.78242e+06
-2.7551  4.59184  5.59068e+06
-2.55102  4.59184  6.47591e+06
-2.34694  4.59184  7.43134e+06
-2.14286  4.59184  8.44593e+06
-1.93878  4.59184  9.50402e+06
-1.73469  4.59184  1.05851e+07
-1.53061  4.59184  1.16641e+07
-1.32653  4.59184  1.27118e+07
-1.12245  4.59184  1.36962e+07
-0.918367  4.59184  1.45838e+07
-0.714286  4.59184  1.5342e+07
-0.510204  4.59184  1.59406e+07
-0.306122  4.59184  1.63548e+07
-0.102041  4.59184  1.65666e+07
0.102041  4.59184  1.65668e+07
0.306122  4.59184  1.63552e+07
0.510204  4.59184  1.59413e+07
0.714286  4.59184  1.53429e+07
0.918367  4.59184  1.4585e+07
1.12245  4.59184  1.36975e+07
1.32653  4.59184  1.27132e+07
1.53061  4.59184  1.16656e+07
1.73469  4.59184  1.05867e+07
1.93878  4.59184  9.50566e+06
2.14286  4.59184  8.44756e+06
2.34694  4.59184  7.43293e+06
2.55102  4.59184  6.47744e+06
2.7551  4.59184  5.59212e+06
2.95918  4.59184  4.78377e+06
3.16327  4.59184  4.05553e+06
3.36735  4.59184  3.40751e+06
3.57143  4.59184  2.8375e+06
3.77551  4.59184  2.3415e+06
3.97959  4.59184  1.91435e+06
4.18367  4.59184  1.55016e+06
4.38776  4.59184  1.24266e+06
4.59184  4.59184  985541
4.79592  4.59184  772656
5  4.59184  598164
-5  4.79592  555001
-4.79592  4.79592  719070
-4.59184  4.79592  918974
-4.38776  4.79592  1.15992e+06
-4.18367  4.79592  1.44731e+06
-3.97959  4.79592  1.78657e+06
-3.77551  4.79592  2.18298e+06
-3.57143  4.79592  2.64132e+06
-3.36735  4.79592  3.1656e+06
-3.16327  4.79592  3.75862e+06
-2.95918  4.79592  4.42148e+06
-2.7551  4.79592  5.15314e+06
-2.55102  4.79592  5.94981e+06
-2.34694  4.79592  6.80453e+06
-2.14286  4.79592  7.70675e+06
-1.93878  4.79592  8.64204e+06
-1.73469  4.79592  9.59211e+06
-1.53061  4.79592  1.0535e+07
-1.32653  4.79592  1.14458e+07
-1.12245  4.79592  1.22974e+07
-0.918367  4.79592  1.30621e+07
-0.714286  4.79592  1.37128e+07
-0.510204  4.79592  1.42251e+07
-0.306122  4.79592  1.45788e+07
-0.102041  4.79592  1.47595e+07
0.102041  4.79592  1.47596e+07
0.306122  4.79592  1.45792e+07
0.510204  4.79592  1.42258e+07
0.714286  4.79592  1.37137e+07
0.918367  4.79592  1.30632e+07
1.12245  4.79592  1.22987e+07
1.32653  4.79592  1.14472e+07
1.53061  4.79592  1.05365e+07
1.73469  4.79592  9.59362e+06
1.93878  4.79592  8.64358e+06
2.14286  4.79592  7.70828e+06
2.34694  4.79592  6.80603e+06
2.55102  4.79592  5.95125e+06
2.7551  4.79592  5.15451e+06
2.95918  4.79592  4.42276e+06
3.16327  4.79592  3.7598e+06
3.36735  4.79592  3.16668e+06
3.57143  4.79592  2.6423e+06
3.77551  4.79592  2.18386e+06
3.97959  4.79592  1.78735e+06
4.18367  4.79592  1.44799e+06
4.38776  4.79592  1.16052e+06
4.59184  4.79592  919488
4.79592  4.79592  719508
5  4.79592  555373
-5  5  503996
-4.79592  5  655736
-4.59184  5  840518
-4.38776  5  1.06294e+06
-4.18367  5  1.3277e+06
-3.97959  5  1.63944e+06
-3.77551  5  2.00253e+06
-3.57143  5  2.42083e+06
-3.36735  5  2.89739e+06
-3.16327  5  3.43407e+06
-2.95918  5  4.03116e+06
-2.7551  5  4.68696e+06
-2.55102  5  5.3974e+06
-2.34694  5  6.15564e+06
-2.14286  5  6.95183e+06
-1.93878  5  7.77292e+06
-1.73469  5  8.60275e+06
-1.53061  5  9.42234e+06
-1.32653  5  1.02104e+07
-1.12245  5  1.09442e+07
-0.918367  5  1.16006e+07
-0.714286  5  1.21575e+07
-0.510204  5  1.25948e+07
-0.306122  5  1.28961e+07
-0.102041  5  1.30499e+07
0.102041  5  1.305e+07
0.306122  5  1.28965e+07
0.510204  5  1.25954e+07
0.714286  5  1.21583e+07
0.918367  5  1.16016e+07
1.12245  5  1.09453e+07
1.32653  5  1.02116e+07
1.53061  5  9.42368e+06
1.73469  5  8.60415e+06
1.93878  5  7.77434e+06
2.14286  5  6.95325e+06
2.34694  5  6.15704e+06
2.55102  5  5.39874e+06
2.7551  5  4.68823e+06
2.95918  5  4.03235e+06
3.16327  5  3.43518e+06
3.36735  5  2.89841e+06
3.57143  5  2.42175e+06
3.77551  5  2.00335e+06
3.97959  5  1.64016e+06
4.18367  5  1.32834e+06
4.38776  5  1.0635e+06
4.59184  5  840996
4.79592  5  656143
5  5  504339
