Data columns are Qx - Qy - I(Qx,Qy)

ASCII data created at 15:12 on Jan 25 24 

-5  -5  4.53905e+06
-4.79592  -5  5.29244e+06
-4.59184  -5  6.07105e+06
-4.38776  -5  6.86228e+06
-4.18367  -5  7.65282e+06
-3.97959  -5  8.42907e+06
-3.77551  -5  9.1776e+06
-3.57143  -5  9.8857e+06
-3.36735  -5  1.05418e+07
-3.16327  -5  1.11362e+07
-2.95918  -5  1.16609e+07
-2.7551  -5  1.21108e+07
-2.55102  -5  1.24834e+07
-2.34694  -5  1.27788e+07
-2.14286  -5  1.30001e+07
-1.93878  -5  1.3153e+07
-1.73469  -5  1.32454e+07
-1.53061  -5  1.32871e+07
-1.32653  -5  1.32891e+07
-1.12245  -5  1.32629e+07
-0.918367  -5  1.322e+07
-0.714286  -5  1.3171e+07
-0.510204  -5  1.31254e+07
-0.306122  -5  1.30906e+07
-0.102041  -5  1.30718e+07
0.102041  -5  1.30717e+07
0.306122  -5  1.30902e+07
0.510204  -5  1.31248e+07
0.714286  -5  1.31702e+07
0.918367  -5  1.32189e+07
1.12245  -5  1.32615e+07
1.32653  -5  1.32875e+07
1.53061  -5  1.32852e+07
1.73469  -5  1.32432e+07
1.93878  -5  1.31505e+07
2.14286  -5  1.29974e+07
2.34694  -5  1.27759e+07
2.55102  -5  1.24803e+07
2.7551  -5  1.21076e+07
2.95918  -5  1.16575e+07
3.16327  -5  1.11326e+07
3.36735  -5  1.05382e+07
3.57143  -5  9.88196e+06
3.77551  -5  9.17384e+06
3.97959  -5  8.42532e+06
4.18367  -5  7.64914e+06
4.38776  -5  6.8587e+06
4.59184  -5  6.0676e+06
4.79592  -5  5.28916e+06
5  -5  4.53596e+06
-5  -4.79592  5.59439e+06
-4.79592  -4.79592  6.47558e+06
-4.59184  -4.79592  7.38184e+06
-4.38776  -4.79592  8.29838e+06
-4.18367  -4.79592  9.20961e+06
-3.97959  -4.79592  1.00996e+07
-3.77551  -4.79592  1.09526e+07
-3.57143  -4.79592  1.17537e+07
-3.36735  -4.79592  1.24896e+07
-3.16327  -4.79592  1.31487e+07
-2.95918  -4.79592  1.37222e+07
-2.7551  -4.79592  1.42042e+07
-2.55102  -4.79592  1.45921e+07
-2.34694  -4.79592  1.48868e+07
-2.14286  -4.79592  1.50926e+07
-1.93878  -4.79592  1.52172e+07
-1.73469  -4.79592  1.52709e+07
-1.53061  -4.79592  1.52665e+07
-1.32653  -4.79592  1.52183e+07
-1.12245  -4.79592  1.5141e+07
-0.918367  -4.79592  1.50495e+07
-0.714286  -4.79592  1.49575e+07
-0.510204  -4.79592  1.4877e+07
-0.306122  -4.79592  1.48178e+07
-0.102041  -4.79592  1.47864e+07
0.102041  -4.79592  1.47862e+07
0.306122  -4.79592  1.48174e+07
0.510204  -4.79592  1.48764e+07
0.714286  -4.79592  1.49565e+07
0.918367  -4.79592  1.50482e+07
1.12245  -4.79592  1.51395e+07
1.32653  -4.79592  1.52164e+07
1.53061  -4.79592  1.52644e+07
1.73469  -4.79592  1.52685e+07
1.93878  -4.79592  1.52145e+07
2.14286  -4.79592  1.50896e+07
2.34694  -4.79592  1.48835e+07
2.55102  -4.79592  1.45886e+07
2.7551  -4.79592  1.42004e+07
2.95918  -4.79592  1.37183e+07
3.16327  -4.79592  1.31446e+07
3.36735  -4.79592  1.24853e+07
3.57143  -4.79592  1.17494e+07
3.77551  -4.79592  1.09482e+07
3.97959  -4.79592  1.00952e+07
4.18367  -4.79592  9.20526e+06
4.38776  -4.79592  8.29413e+06
4.59184  -4.79592  7.37771e+06
4.79592  -4.79592  6.47163e+06
5  -4.79592  5.59065e+06
-5  -4.59184  6.79877e+06
-4.79592  -4.59184  7.8219e+06
-4.59184  -4.59184  8.86987e+06
-4.38776  -4.59184  9.92542e+06
-4.18367  -4.59184  1.09703e+07
-3.97959  -4.59184  1.1986e+07
-3.77551  -4.59184  1.2954e+07
-3.57143  -4.59184  1.38571e+07
-3.36735  -4.59184  1.46793e+07
-3.16327  -4.59184  1.54075e+07
-2.95918  -4.59184  1.60312e+07
-2.7551  -4.59184  1.65437e+07
-2.55102  -4.59184  1.69424e+07
-2.34694  -4.59184  1.72289e+07
-2.14286  -4.59184  1.74089e+07
-1.93878  -4.59184  1.74924e+07
-1.73469  -4.59184  1.74928e+07
-1.53061  -4.59184  1.74264e+07
-1.32653  -4.59184  1.73115e+07
-1.12245  -4.59184  1.7167e+07
-0.918367  -4.59184  1.70119e+07
-0.714286  -4.59184  1.68639e+07
-0.510204  -4.59184  1.67382e+07
-0.306122  -4.59184  1.66472e+07
-0.102041  -4.59184  1.65995e+07
0.102041  -4.59184  1.65994e+07
0.306122  -4.59184  1.66468e+07
0.510204  -4.59184  1.67375e+07
0.714286  -4.59184  1.68628e+07
0.918367  -4.59184  1.70106e+07
1.12245  -4.59184  1.71653e+07
1.32653  -4.59184  1.73095e+07
1.53061  -4.59184  1.74241e+07
1.73469  -4.59184  1.74901e+07
1.93878  -4.59184  1.74894e+07
2.14286  -4.59184  1.74055e+07
2.34694  -4.59184  1.72252e+07
2.55102  -4.59184  1.69384e+07
2.7551  -4.59184  1.65395e+07
2.95918  -4.59184  1.60267e+07
3.16327  -4.59184  1.54027e+07
3.36735  -4.59184  1.46744e+07
3.57143  -4.59184  1.3852e+07
3.77551  -4.59184  1.29489e+07
3.97959  -4.59184  1.19809e+07
4.18367  -4.59184  1.09653e+07
4.38776  -4.59184  9.92043e+06
4.59184  -4.59184  8.86502e+06
4.79592  -4.59184  7.81723e+06
5  -4.59184  6.79432e+06
-5  -4.38776  8.15963e+06
-4.79592  -4.38776  9.33995e+06
-4.59184  -4.38776  1.05449e+07
-4.38776  -4.38776  1.17544e+07
-4.18367  -4.38776  1.29474e+07
-3.97959  -4.38776  1.41022e+07
-3.77551  -4.38776  1.51973e+07
-3.57143  -4.38776  1.62124e+07
-3.36735  -4.38776  1.71289e+07
-3.16327  -4.38776  1.79312e+07
-2.95918  -4.38776  1.86072e+07
-2.7551  -4.38776  1.9149e+07
-2.55102  -4.38776  1.95536e+07
-2.34694  -4.38776  1.98234e+07
-2.14286  -4.38776  1.99657e+07
-1.93878  -4.38776  1.99933e+07
-1.73469  -4.38776  1.99231e+07
-1.53061  -4.38776  1.97757e+07
-1.32653  -4.38776  1.95743e+07
-1.12245  -4.38776  1.93432e+07
-0.918367  -4.38776  1.91064e+07
-0.714286  -4.38776  1.88864e+07
-0.510204  -4.38776  1.87028e+07
-0.306122  -4.38776  1.85712e+07
-0.102041  -4.38776  1.85025e+07
0.102041  -4.38776  1.85023e+07
0.306122  -4.38776  1.85707e+07
0.510204  -4.38776  1.8702e+07
0.714286  -4.38776  1.88853e+07
0.918367  -4.38776  1.91049e+07
1.12245  -4.38776  1.93414e+07
1.32653  -4.38776  1.95721e+07
1.53061  -4.38776  1.97731e+07
1.73469  -4.38776  1.99201e+07
1.93878  -4.38776  1.999e+07
2.14286  -4.38776  1.9962e+07
2.34694  -4.38776  1.98193e+07
2.55102  -4.38776  1.95491e+07
2.7551  -4.38776  1.91442e+07
2.95918  -4.38776  1.86021e+07
3.16327  -4.38776  1.79259e+07
3.36735  -4.38776  1.71234e+07
3.57143  -4.38776  1.62067e+07
3.77551  -4.38776  1.51915e+07
3.97959  -4.38776  1.40963e+07
4.18367  -4.38776  1.29416e+07
4.38776  -4.38776  1.17487e+07
4.59184  -4.38776  1.05393e+07
4.79592  -4.38776  9.33452e+06
5  -4.38776  8.15443e+06
-5  -4.18367  9.68295e+06
-4.79592  -4.18367  1.10368e+07
-4.59184  -4.18367  1.24153e+07
-4.38776  -4.18367  1.37952e+07
-4.18367  -4.18367  1.51523e+07
-3.97959  -4.18367  1.64613e+07
-3.77551  -4.18367  1.76973e+07
-3.57143  -4.18367  1.88363e+07
-3.36735  -4.18367  1.98567e+07
-3.16327  -4.18367  2.07397e+07
-2.95918  -4.18367  2.14711e+07
-2.7551  -4.18367  2.20414e+07
-2.55102  -4.18367  2.24471e+07
-2.34694  -4.18367  2.2691e+07
-2.14286  -4.18367  2.27825e+07
-1.93878  -4.18367  2.2737e+07
-1.73469  -4.18367  2.25759e+07
-1.53061  -4.18367  2.23252e+07
-1.32653  -4.18367  2.20138e+07
-1.12245  -4.18367  2.16725e+07
-0.918367  -4.18367  2.1332e+07
-0.714286  -4.18367  2.10206e+07
-0.510204  -4.18367  2.07634e+07
-0.306122  -4.18367  2.05802e+07
-0.102041  -4.18367  2.0485e+07
0.102041  -4.18367  2.04849e+07
0.306122  -4.18367  2.05797e+07
0.510204  -4.18367  2.07626e+07
0.714286  -4.18367  2.10194e+07
0.918367  -4.18367  2.13304e+07
1.12245  -4.18367  2.16706e+07
1.32653  -4.18367  2.20114e+07
1.53061  -4.18367  2.23224e+07
1.73469  -4.18367  2.25727e+07
1.93878  -4.18367  2.27333e+07
2.14286  -4.18367  2.27783e+07
2.34694  -4.18367  2.26865e+07
2.55102  -4.18367  2.24422e+07
2.7551  -4.18367  2.20361e+07
2.95918  -4.18367  2.14654e+07
3.16327  -4.18367  2.07338e+07
3.36735  -4.18367  1.98504e+07
3.57143  -4.18367  1.88299e+07
3.77551  -4.18367  1.76907e+07
3.97959  -4.18367  1.64547e+07
4.18367  -4.18367  1.51457e+07
4.38776  -4.18367  1.37887e+07
4.59184  -4.18367  1.24088e+07
4.79592  -4.18367  1.10306e+07
5  -4.18367  9.67697e+06
-5  -3.97959  1.13728e+07
-4.79592  -3.97959  1.29177e+07
-4.59184  -3.97959  1.44875e+07
-4.38776  -3.97959  1.6056e+07
-4.18367  -3.97959  1.7595e+07
-3.97959  -3.97959  1.90754e+07
-3.77551  -3.97959  2.04681e+07
-3.57143  -3.97959  2.17453e+07
-3.36735  -3.97959  2.28812e+07
-3.16327  -3.97959  2.38537e+07
-2.95918  -3.97959  2.46453e+07
-2.7551  -3.97959  2.52446e+07
-2.55102  -3.97959  2.5647e+07
-2.34694  -3.97959  2.58557e+07
-2.14286  -3.97959  2.58818e+07
-1.93878  -3.97959  2.57441e+07
-1.73469  -3.97959  2.54689e+07
-1.53061  -3.97959  2.50884e+07
-1.32653  -3.97959  2.46391e+07
-1.12245  -3.97959  2.41595e+07
-0.918367  -3.97959  2.36885e+07
-0.714286  -3.97959  2.32621e+07
-0.510204  -3.97959  2.29121e+07
-0.306122  -3.97959  2.2664e+07
-0.102041  -3.97959  2.25353e+07
0.102041  -3.97959  2.25351e+07
0.306122  -3.97959  2.26634e+07
0.510204  -3.97959  2.29112e+07
0.714286  -3.97959  2.32608e+07
0.918367  -3.97959  2.36868e+07
1.12245  -3.97959  2.41574e+07
1.32653  -3.97959  2.46365e+07
1.53061  -3.97959  2.50854e+07
1.73469  -3.97959  2.54654e+07
1.93878  -3.97959  2.57401e+07
2.14286  -3.97959  2.58773e+07
2.34694  -3.97959  2.58508e+07
2.55102  -3.97959  2.56416e+07
2.7551  -3.97959  2.52387e+07
2.95918  -3.97959  2.4639e+07
3.16327  -3.97959  2.3847e+07
3.36735  -3.97959  2.28743e+07
3.57143  -3.97959  2.17382e+07
3.77551  -3.97959  2.04608e+07
3.97959  -3.97959  1.9068e+07
4.18367  -3.97959  1.75876e+07
4.38776  -3.97959  1.60487e+07
4.59184  -3.97959  1.44803e+07
4.79592  -3.97959  1.29106e+07
5  -3.97959  1.1366e+07
-5  -3.77551  1.32309e+07
-4.79592  -3.77551  1.49853e+07
-4.59184  -3.77551  1.67659e+07
-4.38776  -3.77551  1.85426e+07
-4.18367  -3.77551  2.02833e+07
-3.97959  -3.77551  2.19546e+07
-3.77551  -3.77551  2.35227e+07
-3.57143  -3.77551  2.49549e+07
-3.36735  -3.77551  2.6221e+07
-3.16327  -3.77551  2.72943e+07
-2.95918  -3.77551  2.81535e+07
-2.7551  -3.77551  2.87844e+07
-2.55102  -3.77551  2.91806e+07
-2.34694  -3.77551  2.93451e+07
-2.14286  -3.77551  2.92906e+07
-1.93878  -3.77551  2.90397e+07
-1.73469  -3.77551  2.8624e+07
-1.53061  -3.77551  2.80832e+07
-1.32653  -3.77551  2.74626e+07
-1.12245  -3.77551  2.6811e+07
-0.918367  -3.77551  2.6177e+07
-0.714286  -3.77551  2.56067e+07
-0.510204  -3.77551  2.51404e+07
-0.306122  -3.77551  2.48107e+07
-0.102041  -3.77551  2.46399e+07
0.102041  -3.77551  2.46397e+07
0.306122  -3.77551  2.48101e+07
0.510204  -3.77551  2.51395e+07
0.714286  -3.77551  2.56053e+07
0.918367  -3.77551  2.61752e+07
1.12245  -3.77551  2.68087e+07
1.32653  -3.77551  2.74599e+07
1.53061  -3.77551  2.80799e+07
1.73469  -3.77551  2.86202e+07
1.93878  -3.77551  2.90353e+07
2.14286  -3.77551  2.92858e+07
2.34694  -3.77551  2.93397e+07
2.55102  -3.77551  2.91747e+07
2.7551  -3.77551  2.8778e+07
2.95918  -3.77551  2.81466e+07
3.16327  -3.77551  2.7287e+07
3.36735  -3.77551  2.62134e+07
3.57143  -3.77551  2.49471e+07
3.77551  -3.77551  2.35146e+07
3.97959  -3.77551  2.19464e+07
4.18367  -3.77551  2.02751e+07
4.38776  -3.77551  1.85344e+07
4.59184  -3.77551  1.67579e+07
4.79592  -3.77551  1.49775e+07
5  -3.77551  1.32234e+07
-5  -3.57143  1.52562e+07
-4.79592  -3.57143  1.72396e+07
-4.59184  -3.57143  1.92515e+07
-4.38776  -3.57143  2.12579e+07
-4.18367  -3.57143  2.32224e+07
-3.97959  -3.57143  2.51066e+07
-3.77551  -3.57143  2.68717e+07
-3.57143  -3.57143  2.84794e+07
-3.36735  -3.57143  2.98938e+07
-3.16327  -3.57143  3.1083e+07
-2.95918  -3.57143  3.20209e+07
-2.7551  -3.57143  3.26891e+07
-2.55102  -3.57143  3.30786e+07
-2.34694  -3.57143  3.31914e+07
-2.14286  -3.57143  3.30413e+07
-1.93878  -3.57143  3.26544e+07
-1.73469  -3.57143  3.20687e+07
-1.53061  -3.57143  3.13325e+07
-1.32653  -3.57143  3.05018e+07
-1.12245  -3.57143  2.96375e+07
-0.918367  -3.57143  2.88012e+07
-0.714286  -3.57143  2.80515e+07
-0.510204  -3.57143  2.74399e+07
-0.306122  -3.57143  2.70079e+07
-0.102041  -3.57143  2.67843e+07
0.102041  -3.57143  2.67842e+07
0.306122  -3.57143  2.70073e+07
0.510204  -3.57143  2.74389e+07
0.714286  -3.57143  2.80501e+07
0.918367  -3.57143  2.87994e+07
1.12245  -3.57143  2.96351e+07
1.32653  -3.57143  3.04989e+07
1.53061  -3.57143  3.1329e+07
1.73469  -3.57143  3.20647e+07
1.93878  -3.57143  3.26498e+07
2.14286  -3.57143  3.3036e+07
2.34694  -3.57143  3.31855e+07
2.55102  -3.57143  3.30722e+07
2.7551  -3.57143  3.26821e+07
2.95918  -3.57143  3.20134e+07
3.16327  -3.57143  3.10751e+07
3.36735  -3.57143  2.98855e+07
3.57143  -3.57143  2.84707e+07
3.77551  -3.57143  2.68628e+07
3.97959  -3.57143  2.50976e+07
4.18367  -3.57143  2.32134e+07
4.38776  -3.57143  2.12489e+07
4.59184  -3.57143  1.92426e+07
4.79592  -3.57143  1.7231e+07
5  -3.57143  1.52478e+07
-5  -3.36735  1.74438e+07
-4.79592  -3.36735  1.96766e+07
-4.59184  -3.36735  2.19416e+07
-4.38776  -3.36735  2.4201e+07
-4.18367  -3.36735  2.64135e+07
-3.97959  -3.36735  2.85356e+07
-3.77551  -3.36735  3.05227e+07
-3.57143  -3.36735  3.23302e+07
-3.36735  -3.36735  3.39157e+07
-3.16327  -3.36735  3.52408e+07
-2.95918  -3.36735  3.62732e+07
-2.7551  -3.36735  3.69891e+07
-2.55102  -3.36735  3.73753e+07
-2.34694  -3.36735  3.74317e+07
-2.14286  -3.36735  3.71723e+07
-1.93878  -3.36735  3.66265e+07
-1.73469  -3.36735  3.58387e+07
-1.53061  -3.36735  3.4867e+07
-1.32653  -3.36735  3.37805e+07
-1.12245  -3.36735  3.26551e+07
-0.918367  -3.36735  3.15687e+07
-0.714286  -3.36735  3.05959e+07
-0.510204  -3.36735  2.98027e+07
-0.306122  -3.36735  2.92427e+07
-0.102041  -3.36735  2.8953e+07
0.102041  -3.36735  2.89528e+07
0.306122  -3.36735  2.92421e+07
0.510204  -3.36735  2.98017e+07
0.714286  -3.36735  3.05944e+07
0.918367  -3.36735  3.15668e+07
1.12245  -3.36735  3.26527e+07
1.32653  -3.36735  3.37775e+07
1.53061  -3.36735  3.48634e+07
1.73469  -3.36735  3.58344e+07
1.93878  -3.36735  3.66215e+07
2.14286  -3.36735  3.71667e+07
2.34694  -3.36735  3.74254e+07
2.55102  -3.36735  3.73684e+07
2.7551  -3.36735  3.69815e+07
2.95918  -3.36735  3.62651e+07
3.16327  -3.36735  3.52322e+07
3.36735  -3.36735  3.39067e+07
3.57143  -3.36735  3.23208e+07
3.77551  -3.36735  3.05131e+07
3.97959  -3.36735  2.85259e+07
4.18367  -3.36735  2.64037e+07
4.38776  -3.36735  2.41912e+07
4.59184  -3.36735  2.1932e+07
4.79592  -3.36735  1.96672e+07
5  -3.36735  1.74347e+07
-5  -3.16327  1.97853e+07
-4.79592  -3.16327  2.22882e+07
-4.59184  -3.16327  2.48291e+07
-4.38776  -3.16327  2.73661e+07
-4.18367  -3.16327  2.98531e+07
-3.97959  -3.16327  3.22411e+07
-3.77551  -3.16327  3.44789e+07
-3.57143  -3.16327  3.65152e+07
-3.36735  -3.16327  3.82999e+07
-3.16327  -3.16327  3.97868e+07
-2.95918  -3.16327  4.09359e+07
-2.7551  -3.16327  4.17162e+07
-2.55102  -3.16327  4.21086e+07
-2.34694  -3.16327  4.21089e+07
-2.14286  -3.16327  4.17297e+07
-1.93878  -3.16327  4.10028e+07
-1.73469  -3.16327  3.99791e+07
-1.53061  -3.16327  3.87275e+07
-1.32653  -3.16327  3.73323e+07
-1.12245  -3.16327  3.58879e+07
-0.918367  -3.16327  3.44929e+07
-0.714286  -3.16327  3.32427e+07
-0.510204  -3.16327  3.22227e+07
-0.306122  -3.16327  3.1502e+07
-0.102041  -3.16327  3.11291e+07
0.102041  -3.16327  3.11289e+07
0.306122  -3.16327  3.15014e+07
0.510204  -3.16327  3.22216e+07
0.714286  -3.16327  3.32412e+07
0.918367  -3.16327  3.44908e+07
1.12245  -3.16327  3.58853e+07
1.32653  -3.16327  3.73291e+07
1.53061  -3.16327  3.87237e+07
1.73469  -3.16327  3.99746e+07
1.93878  -3.16327  4.09976e+07
2.14286  -3.16327  4.17237e+07
2.34694  -3.16327  4.21022e+07
2.55102  -3.16327  4.21012e+07
2.7551  -3.16327  4.17082e+07
2.95918  -3.16327  4.09273e+07
3.16327  -3.16327  3.97776e+07
3.36735  -3.16327  3.82902e+07
3.57143  -3.16327  3.65052e+07
3.77551  -3.16327  3.44687e+07
3.97959  -3.16327  3.22307e+07
4.18367  -3.16327  2.98426e+07
4.38776  -3.16327  2.73556e+07
4.59184  -3.16327  2.48188e+07
4.79592  -3.16327  2.22781e+07
5  -3.16327  1.97755e+07
-5  -2.95918  2.22673e+07
-4.79592  -2.95918  2.50611e+07
-4.59184  -2.95918  2.79012e+07
-4.38776  -2.95918  3.07417e+07
-4.18367  -2.95918  3.35317e+07
-3.97959  -2.95918  3.62162e+07
-3.77551  -2.95918  3.87376e+07
-3.57143  -2.95918  4.10365e+07
-3.36735  -2.95918  4.30547e+07
-3.16327  -2.95918  4.47366e+07
-2.95918  -2.95918  4.60327e+07
-2.7551  -2.95918  4.69028e+07
-2.55102  -2.95918  4.73193e+07
-2.34694  -2.95918  4.72713e+07
-2.14286  -2.95918  4.6768e+07
-1.93878  -2.95918  4.58413e+07
-1.73469  -2.95918  4.45477e+07
-1.53061  -2.95918  4.29677e+07
-1.32653  -2.95918  4.1203e+07
-1.12245  -2.95918  3.93708e+07
-0.918367  -2.95918  3.75957e+07
-0.714286  -2.95918  3.60006e+07
-0.510204  -2.95918  3.46963e+07
-0.306122  -2.95918  3.37734e+07
-0.102041  -2.95918  3.32955e+07
0.102041  -2.95918  3.32953e+07
0.306122  -2.95918  3.37728e+07
0.510204  -2.95918  3.46953e+07
0.714286  -2.95918  3.59991e+07
0.918367  -2.95918  3.75936e+07
1.12245  -2.95918  3.93681e+07
1.32653  -2.95918  4.11997e+07
1.53061  -2.95918  4.29637e+07
1.73469  -2.95918  4.45429e+07
1.93878  -2.95918  4.58357e+07
2.14286  -2.95918  4.67616e+07
2.34694  -2.95918  4.72642e+07
2.55102  -2.95918  4.73115e+07
2.7551  -2.95918  4.68943e+07
2.95918  -2.95918  4.60236e+07
3.16327  -2.95918  4.47269e+07
3.36735  -2.95918  4.30445e+07
3.57143  -2.95918  4.1026e+07
3.77551  -2.95918  3.87267e+07
3.97959  -2.95918  3.62052e+07
4.18367  -2.95918  3.35206e+07
4.38776  -2.95918  3.07306e+07
4.59184  -2.95918  2.78902e+07
4.79592  -2.95918  2.50503e+07
5  -2.95918  2.22569e+07
-5  -2.7551  2.48713e+07
-4.79592  -2.7551  2.79761e+07
-4.59184  -2.7551  3.11386e+07
-4.38776  -2.7551  3.43092e+07
-4.18367  -2.7551  3.7432e+07
-3.97959  -2.7551  4.04465e+07
-3.77551  -2.7551  4.32878e+07
-3.57143  -2.7551  4.58887e+07
-3.36735  -2.7551  4.81814e+07
-3.16327  -2.7551  5.00998e+07
-2.95918  -2.7551  5.15831e+07
-2.7551  -2.7551  5.25792e+07
-2.55102  -2.7551  5.30492e+07
-2.34694  -2.7551  5.29722e+07
-2.14286  -2.7551  5.235e+07
-1.93878  -2.7551  5.12119e+07
-1.73469  -2.7551  4.96176e+07
-1.53061  -2.7551  4.76587e+07
-1.32653  -2.7551  4.54563e+07
-1.12245  -2.7551  4.31547e+07
-0.918367  -2.7551  4.0912e+07
-0.714286  -2.7551  3.88869e+07
-0.510204  -2.7551  3.7225e+07
-0.306122  -2.7551  3.6046e+07
-0.102041  -2.7551  3.54346e+07
0.102041  -2.7551  3.54344e+07
0.306122  -2.7551  3.60454e+07
0.510204  -2.7551  3.72239e+07
0.714286  -2.7551  3.88854e+07
0.918367  -2.7551  4.09099e+07
1.12245  -2.7551  4.31519e+07
1.32653  -2.7551  4.54528e+07
1.53061  -2.7551  4.76546e+07
1.73469  -2.7551  4.96126e+07
1.93878  -2.7551  5.12061e+07
2.14286  -2.7551  5.23434e+07
2.34694  -2.7551  5.29647e+07
2.55102  -2.7551  5.3041e+07
2.7551  -2.7551  5.25702e+07
2.95918  -2.7551  5.15734e+07
3.16327  -2.7551  5.00895e+07
3.36735  -2.7551  4.81706e+07
3.57143  -2.7551  4.58776e+07
3.77551  -2.7551  4.32764e+07
3.97959  -2.7551  4.04349e+07
4.18367  -2.7551  3.74204e+07
4.38776  -2.7551  3.42976e+07
4.59184  -2.7551  3.11272e+07
4.79592  -2.7551  2.79649e+07
5  -2.7551  2.48604e+07
-5  -2.55102  2.75732e+07
-4.79592  -2.55102  3.10078e+07
-4.59184  -2.55102  3.4515e+07
-4.38776  -2.55102  3.80418e+07
-4.18367  -2.55102  4.15281e+07
-3.97959  -2.55102  4.49075e+07
-3.77551  -2.55102  4.81086e+07
-3.57143  -2.55102  5.10556e+07
-3.36735  -2.55102  5.36707e+07
-3.16327  -2.55102  5.58763e+07
-2.95918  -2.55102  5.75983e+07
-2.7551  -2.55102  5.87704e+07
-2.55102  -2.55102  5.93386e+07
-2.34694  -2.55102  5.92675e+07
-2.14286  -2.55102  5.85469e+07
-1.93878  -2.55102  5.71982e+07
-1.73469  -2.55102  5.52803e+07
-1.53061  -2.55102  5.28934e+07
-1.32653  -2.55102  5.01787e+07
-1.12245  -2.55102  4.73125e+07
-0.918367  -2.55102  4.44948e+07
-0.714286  -2.55102  4.1932e+07
-0.510204  -2.55102  3.98172e+07
-0.306122  -2.55102  3.83113e+07
-0.102041  -2.55102  3.75287e+07
0.102041  -2.55102  3.75285e+07
0.306122  -2.55102  3.83107e+07
0.510204  -2.55102  3.98161e+07
0.714286  -2.55102  4.19305e+07
0.918367  -2.55102  4.44927e+07
1.12245  -2.55102  4.73097e+07
1.32653  -2.55102  5.01752e+07
1.53061  -2.55102  5.28891e+07
1.73469  -2.55102  5.52751e+07
1.93878  -2.55102  5.71921e+07
2.14286  -2.55102  5.854e+07
2.34694  -2.55102  5.92597e+07
2.55102  -2.55102  5.933e+07
2.7551  -2.55102  5.8761e+07
2.95918  -2.55102  5.75883e+07
3.16327  -2.55102  5.58656e+07
3.36735  -2.55102  5.36595e+07
3.57143  -2.55102  5.1044e+07
3.77551  -2.55102  4.80968e+07
3.97959  -2.55102  4.48955e+07
4.18367  -2.55102  4.1516e+07
4.38776  -2.55102  3.80298e+07
4.59184  -2.55102  3.45032e+07
4.79592  -2.55102  3.09962e+07
5  -2.55102  2.75619e+07
-5  -2.34694  3.03429e+07
-4.79592  -2.34694  3.41237e+07
-4.59184  -2.34694  3.79959e+07
-4.38776  -2.34694  4.19036e+07
-4.18367  -2.34694  4.57832e+07
-3.97959  -2.34694  4.95633e+07
-3.77551  -2.34694  5.31659e+07
-3.57143  -2.34694  5.65072e+07
-3.36735  -2.34694  5.94992e+07
-3.16327  -2.34694  6.20521e+07
-2.95918  -2.34694  6.40771e+07
-2.7551  -2.34694  6.54908e+07
-2.55102  -2.34694  6.62207e+07
-2.34694  -2.34694  6.62118e+07
-2.14286  -2.34694  6.54351e+07
-1.93878  -2.34694  6.38969e+07
-1.73469  -2.34694  6.16481e+07
-1.53061  -2.34694  5.87921e+07
-1.32653  -2.34694  5.54881e+07
-1.12245  -2.34694  5.19482e+07
-0.918367  -2.34694  4.84243e+07
-0.714286  -2.34694  4.51862e+07
-0.510204  -2.34694  4.24933e+07
-0.306122  -2.34694  4.05655e+07
-0.102041  -2.34694  3.95606e+07
0.102041  -2.34694  3.95604e+07
0.306122  -2.34694  4.05649e+07
0.510204  -2.34694  4.24922e+07
0.714286  -2.34694  4.51846e+07
0.918367  -2.34694  4.84221e+07
1.12245  -2.34694  5.19453e+07
1.32653  -2.34694  5.54845e+07
1.53061  -2.34694  5.87876e+07
1.73469  -2.34694  6.16428e+07
1.93878  -2.34694  6.38906e+07
2.14286  -2.34694  6.54279e+07
2.34694  -2.34694  6.62037e+07
2.55102  -2.34694  6.62118e+07
2.7551  -2.34694  6.54812e+07
2.95918  -2.34694  6.40667e+07
3.16327  -2.34694  6.20411e+07
3.36735  -2.34694  5.94878e+07
3.57143  -2.34694  5.64954e+07
3.77551  -2.34694  5.31538e+07
3.97959  -2.34694  4.9551e+07
4.18367  -2.34694  4.57709e+07
4.38776  -2.34694  4.18914e+07
4.59184  -2.34694  3.79838e+07
4.79592  -2.34694  3.41118e+07
5  -2.34694  3.03314e+07
-5  -2.14286  3.31444e+07
-4.79592  -2.14286  3.72841e+07
-4.59184  -2.14286  4.15381e+07
-4.38776  -2.14286  4.58487e+07
-4.18367  -2.14286  5.01491e+07
-3.97959  -2.14286  5.43643e+07
-3.77551  -2.14286  5.84105e+07
-3.57143  -2.14286  6.21966e+07
-3.36735  -2.14286  6.56251e+07
-3.16327  -2.14286  6.85938e+07
-2.95918  -2.14286  7.09985e+07
-2.7551  -2.14286  7.27369e+07
-2.55102  -2.14286  7.37143e+07
-2.34694  -2.14286  7.38505e+07
-2.14286  -2.14286  7.30901e+07
-1.93878  -2.14286  7.14143e+07
-1.73469  -2.14286  6.88548e+07
-1.53061  -2.14286  6.55075e+07
-1.32653  -2.14286  6.15429e+07
-1.12245  -2.14286  5.72091e+07
-0.918367  -2.14286  5.28203e+07
-0.714286  -2.14286  4.87302e+07
-0.510204  -2.14286  4.52919e+07
-0.306122  -2.14286  4.28122e+07
-0.102041  -2.14286  4.15142e+07
0.102041  -2.14286  4.1514e+07
0.306122  -2.14286  4.28116e+07
0.510204  -2.14286  4.52909e+07
0.714286  -2.14286  4.87287e+07
0.918367  -2.14286  5.28181e+07
1.12245  -2.14286  5.72062e+07
1.32653  -2.14286  6.15393e+07
1.53061  -2.14286  6.55029e+07
1.73469  -2.14286  6.88493e+07
1.93878  -2.14286  7.14079e+07
2.14286  -2.14286  7.30828e+07
2.34694  -2.14286  7.38423e+07
2.55102  -2.14286  7.37052e+07
2.7551  -2.14286  7.27271e+07
2.95918  -2.14286  7.0988e+07
3.16327  -2.14286  6.85827e+07
3.36735  -2.14286  6.56135e+07
3.57143  -2.14286  6.21847e+07
3.77551  -2.14286  5.83983e+07
3.97959  -2.14286  5.43519e+07
4.18367  -2.14286  5.01368e+07
4.38776  -2.14286  4.58364e+07
4.59184  -2.14286  4.1526e+07
4.79592  -2.14286  3.72722e+07
5  -2.14286  3.31329e+07
-5  -1.93878  3.59356e+07
-4.79592  -1.93878  4.04421e+07
-4.59184  -1.93878  4.50899e+07
-4.38776  -1.93878  4.98203e+07
-4.18367  -1.93878  5.45649e+07
-3.97959  -1.93878  5.92458e+07
-3.77551  -1.93878  6.37753e+07
-3.57143  -1.93878  6.80564e+07
-3.36735  -1.93878  7.19832e+07
-3.16327  -1.93878  7.54422e+07
-2.95918  -1.93878  7.83143e+07
-2.7551  -1.93878  8.04776e+07
-2.55102  -1.93878  8.18125e+07
-2.34694  -1.93878  8.22087e+07
-2.14286  -1.93878  8.1576e+07
-1.93878  -1.93878  7.98583e+07
-1.73469  -1.93878  7.7052e+07
-1.53061  -1.93878  7.3228e+07
-1.32653  -1.93878  6.8553e+07
-1.12245  -1.93878  6.3303e+07
-0.918367  -1.93878  5.7862e+07
-0.714286  -1.93878  5.26927e+07
-0.510204  -1.93878  4.82817e+07
-0.306122  -1.93878  4.50674e+07
-0.102041  -1.93878  4.33749e+07
0.102041  -1.93878  4.33747e+07
0.306122  -1.93878  4.50669e+07
0.510204  -1.93878  4.82807e+07
0.714286  -1.93878  5.26912e+07
0.918367  -1.93878  5.78598e+07
1.12245  -1.93878  6.33002e+07
1.32653  -1.93878  6.85493e+07
1.53061  -1.93878  7.32234e+07
1.73469  -1.93878  7.70464e+07
1.93878  -1.93878  7.98517e+07
2.14286  -1.93878  8.15686e+07
2.34694  -1.93878  8.22004e+07
2.55102  -1.93878  8.18033e+07
2.7551  -1.93878  8.04676e+07
2.95918  -1.93878  7.83037e+07
3.16327  -1.93878  7.54311e+07
3.36735  -1.93878  7.19716e+07
3.57143  -1.93878  6.80445e+07
3.77551  -1.93878  6.37632e+07
3.97959  -1.93878  5.92336e+07
4.18367  -1.93878  5.45527e+07
4.38776  -1.93878  4.98081e+07
4.59184  -1.93878  4.5078e+07
4.79592  -1.93878  4.04304e+07
5  -1.93878  3.59242e+07
-5  -1.73469  3.86692e+07
-4.79592  -1.73469  4.35444e+07
-4.59184  -1.73469  4.85913e+07
-4.38776  -1.73469  5.37516e+07
-4.18367  -1.73469  5.89567e+07
-3.97959  -1.73469  6.41275e+07
-3.77551  -1.73469  6.91741e+07
-3.57143  -1.73469  7.39957e+07
-3.36735  -1.73469  7.84804e+07
-3.16327  -1.73469  8.25059e+07
-2.95918  -1.73469  8.59398e+07
-2.7551  -1.73469  8.86419e+07
-2.55102  -1.73469  9.04675e+07
-2.34694  -1.73469  9.12731e+07
-2.14286  -1.73469  9.09262e+07
-1.93878  -1.73469  8.93202e+07
-1.73469  -1.73469  8.63967e+07
-1.53061  -1.73469  8.21751e+07
-1.32653  -1.73469  7.67889e+07
-1.12245  -1.73469  7.05198e+07
-0.918367  -1.73469  6.3817e+07
-0.714286  -1.73469  5.72785e+07
-0.510204  -1.73469  5.15814e+07
-0.306122  -1.73469  4.73686e+07
-0.102041  -1.73469  4.51316e+07
0.102041  -1.73469  4.51314e+07
0.306122  -1.73469  4.73681e+07
0.510204  -1.73469  5.15804e+07
0.714286  -1.73469  5.7277e+07
0.918367  -1.73469  6.38149e+07
1.12245  -1.73469  7.05169e+07
1.32653  -1.73469  7.67851e+07
1.53061  -1.73469  8.21705e+07
1.73469  -1.73469  8.63911e+07
1.93878  -1.73469  8.93137e+07
2.14286  -1.73469  9.09187e+07
2.34694  -1.73469  9.12648e+07
2.55102  -1.73469  9.04584e+07
2.7551  -1.73469  8.86321e+07
2.95918  -1.73469  8.59293e+07
3.16327  -1.73469  8.24949e+07
3.36735  -1.73469  7.84691e+07
3.57143  -1.73469  7.3984e+07
3.77551  -1.73469  6.91623e+07
3.97959  -1.73469  6.41156e+07
4.18367  -1.73469  5.89448e+07
4.38776  -1.73469  5.37399e+07
4.59184  -1.73469  4.85797e+07
4.79592  -1.73469  4.3533e+07
5  -1.73469  3.86582e+07
-5  -1.53061  4.12938e+07
-4.79592  -1.53061  4.65317e+07
-4.59184  -1.53061  5.19749e+07
-4.38776  -1.53061  5.75663e+07
-4.18367  -1.53061  6.32385e+07
-3.97959  -1.53061  6.89132e+07
-3.77551  -1.53061  7.45006e+07
-3.57143  -1.53061  7.98987e+07
-3.36735  -1.53061  8.49929e+07
-3.16327  -1.53061  8.96554e+07
-2.95918  -1.53061  9.37448e+07
-2.7551  -1.53061  9.71062e+07
-2.55102  -1.53061  9.95727e+07
-2.34694  -1.53061  1.00968e+08
-2.14286  -1.53061  1.01115e+08
-1.93878  -1.53061  9.98449e+07
-1.73469  -1.53061  9.70238e+07
-1.53061  -1.53061  9.25852e+07
-1.32653  -1.53061  8.65831e+07
-1.12245  -1.53061  7.92555e+07
-0.918367  -1.53061  7.10849e+07
-0.714286  -1.53061  6.28177e+07
-0.510204  -1.53061  5.53969e+07
-0.306122  -1.53061  4.97916e+07
-0.102041  -1.53061  4.67784e+07
0.102041  -1.53061  4.67783e+07
0.306122  -1.53061  4.97911e+07
0.510204  -1.53061  5.5396e+07
0.714286  -1.53061  6.28162e+07
0.918367  -1.53061  7.10828e+07
1.12245  -1.53061  7.92526e+07
1.32653  -1.53061  8.65793e+07
1.53061  -1.53061  9.25805e+07
1.73469  -1.53061  9.70182e+07
1.93878  -1.53061  9.98385e+07
2.14286  -1.53061  1.01108e+08
2.34694  -1.53061  1.0096e+08
2.55102  -1.53061  9.95638e+07
2.7551  -1.53061  9.70967e+07
2.95918  -1.53061  9.37347e+07
3.16327  -1.53061  8.96449e+07
3.36735  -1.53061  8.4982e+07
3.57143  -1.53061  7.98876e+07
3.77551  -1.53061  7.44893e+07
3.97959  -1.53061  6.89019e+07
4.18367  -1.53061  6.32272e+07
4.38776  -1.53061  5.75551e+07
4.59184  -1.53061  5.19639e+07
4.79592  -1.53061  4.6521e+07
5  -1.53061  4.12834e+07
-5  -1.32653  4.37547e+07
-4.79592  -1.32653  4.93409e+07
-4.59184  -1.32653  5.51675e+07
-4.38776  -1.32653  6.11801e+07
-4.18367  -1.32653  6.73138e+07
-3.97959  -1.32653  7.34929e+07
-3.77551  -1.32653  7.963e+07
-3.57143  -1.32653  8.56251e+07
-3.36735  -1.32653  9.13646e+07
-3.16327  -1.32653  9.67201e+07
-2.95918  -1.32653  1.01547e+08
-2.7551  -1.32653  1.05682e+08
-2.55102  -1.32653  1.08943e+08
-2.34694  -1.32653  1.11128e+08
-2.14286  -1.32653  1.12018e+08
-1.93878  -1.32653  1.11382e+08
-1.73469  -1.32653  1.08992e+08
-1.53061  -1.32653  1.04663e+08
-1.32653  -1.32653  9.83059e+07
-1.12245  -1.32653  9.00275e+07
-0.918367  -1.32653  8.02554e+07
-0.714286  -1.32653  6.98482e+07
-0.510204  -1.32653  6.00937e+07
-0.306122  -1.32653  5.24865e+07
-0.102041  -1.32653  4.83199e+07
0.102041  -1.32653  4.83198e+07
0.306122  -1.32653  5.2486e+07
0.510204  -1.32653  6.00929e+07
0.714286  -1.32653  6.98468e+07
0.918367  -1.32653  8.02533e+07
1.12245  -1.32653  9.00247e+07
1.32653  -1.32653  9.83022e+07
1.53061  -1.32653  1.04659e+08
1.73469  -1.32653  1.08987e+08
1.93878  -1.32653  1.11375e+08
2.14286  -1.32653  1.12011e+08
2.34694  -1.32653  1.11121e+08
2.55102  -1.32653  1.08934e+08
2.7551  -1.32653  1.05673e+08
2.95918  -1.32653  1.01537e+08
3.16327  -1.32653  9.67102e+07
3.36735  -1.32653  9.13544e+07
3.57143  -1.32653  8.56147e+07
3.77551  -1.32653  7.96195e+07
3.97959  -1.32653  7.34824e+07
4.18367  -1.32653  6.73033e+07
4.38776  -1.32653  6.11698e+07
4.59184  -1.32653  5.51574e+07
4.79592  -1.32653  4.9331e+07
5  -1.32653  4.37451e+07
-5  -1.12245  4.59966e+07
-4.79592  -1.12245  5.19069e+07
-4.59184  -1.12245  5.80932e+07
-4.38776  -1.12245  6.45042e+07
-4.18367  -1.12245  7.10789e+07
-3.97959  -1.12245  7.77459e+07
-3.77551  -1.12245  8.44223e+07
-3.57143  -1.12245  9.10131e+07
-3.36735  -1.12245  9.74098e+07
-3.16327  -1.12245  1.03489e+08
-2.95918  -1.12245  1.09108e+08
-2.7551  -1.12245  1.14106e+08
-2.55102  -1.12245  1.18298e+08
-2.34694  -1.12245  1.21468e+08
-2.14286  -1.12245  1.23368e+08
-1.93878  -1.12245  1.23717e+08
-1.73469  -1.12245  1.22198e+08
-1.53061  -1.12245  1.18484e+08
-1.32653  -1.12245  1.12283e+08
-1.12245  -1.12245  1.03447e+08
-0.918367  -1.12245  9.21681e+07
-0.714286  -1.12245  7.92541e+07
-0.510204  -1.12245  6.63432e+07
-0.306122  -1.12245  5.5757e+07
-0.102041  -1.12245  4.97815e+07
0.102041  -1.12245  4.97814e+07
0.306122  -1.12245  5.57566e+07
0.510204  -1.12245  6.63424e+07
0.714286  -1.12245  7.92527e+07
0.918367  -1.12245  9.21661e+07
1.12245  -1.12245  1.03444e+08
1.32653  -1.12245  1.12279e+08
1.53061  -1.12245  1.1848e+08
1.73469  -1.12245  1.22193e+08
1.93878  -1.12245  1.23711e+08
2.14286  -1.12245  1.23362e+08
2.34694  -1.12245  1.2146e+08
2.55102  -1.12245  1.1829e+08
2.7551  -1.12245  1.14098e+08
2.95918  -1.12245  1.09099e+08
3.16327  -1.12245  1.0348e+08
3.36735  -1.12245  9.74006e+07
3.57143  -1.12245  9.10038e+07
3.77551  -1.12245  8.44129e+07
3.97959  -1.12245  7.77365e+07
4.18367  -1.12245  7.10696e+07
4.38776  -1.12245  6.44949e+07
4.59184  -1.12245  5.80841e+07
4.79592  -1.12245  5.18981e+07
5  -1.12245  4.5988e+07
-5  -0.918367  4.7965e+07
-4.79592  -0.918367  5.41656e+07
-4.59184  -0.918367  6.06758e+07
-4.38776  -0.918367  6.74486e+07
-4.18367  -0.918367  7.44275e+07
-3.97959  -0.918367  8.15463e+07
-3.77551  -0.918367  8.87286e+07
-3.57143  -0.918367  9.58866e+07
-3.36735  -0.918367  1.0292e+08
-3.16327  -0.918367  1.09715e+08
-2.95918  -0.918367  1.16141e+08
-2.7551  -0.918367  1.22047e+08
-2.55102  -0.918367  1.27256e+08
-2.34694  -0.918367  1.3156e+08
-2.14286  -0.918367  1.34708e+08
-1.93878  -0.918367  1.36396e+08
-1.73469  -0.918367  1.36251e+08
-1.53061  -0.918367  1.33824e+08
-1.32653  -0.918367  1.286e+08
-1.12245  -0.918367  1.20063e+08
-0.918367  -0.918367  1.07904e+08
-0.714286  -0.918367  9.24644e+07
-0.510204  -0.918367  7.54307e+07
-0.306122  -0.918367  6.02613e+07
-0.102041  -0.918367  5.12386e+07
0.102041  -0.918367  5.12385e+07
0.306122  -0.918367  6.02609e+07
0.510204  -0.918367  7.543e+07
0.714286  -0.918367  9.24631e+07
0.918367  -0.918367  1.07902e+08
1.12245  -0.918367  1.20061e+08
1.32653  -0.918367  1.28596e+08
1.53061  -0.918367  1.3382e+08
1.73469  -0.918367  1.36246e+08
1.93878  -0.918367  1.3639e+08
2.14286  -0.918367  1.34702e+08
2.34694  -0.918367  1.31553e+08
2.55102  -0.918367  1.27249e+08
2.7551  -0.918367  1.22039e+08
2.95918  -0.918367  1.16134e+08
3.16327  -0.918367  1.09708e+08
3.36735  -0.918367  1.02912e+08
3.57143  -0.918367  9.58785e+07
3.77551  -0.918367  8.87204e+07
3.97959  -0.918367  8.15382e+07
4.18367  -0.918367  7.44194e+07
4.38776  -0.918367  6.74407e+07
4.59184  -0.918367  6.06681e+07
4.79592  -0.918367  5.4158e+07
5  -0.918367  4.79577e+07
-5  -0.714286  4.96093e+07
-4.79592  -0.714286  5.60563e+07
-4.59184  -0.714286  6.28433e+07
-4.38776  -0.714286  6.99271e+07
-4.18367  -0.714286  7.72561e+07
-3.97959  -0.714286  8.47699e+07
-3.77551  -0.714286  9.23992e+07
-3.57143  -0.714286  1.00065e+08
-3.36735  -0.714286  1.07677e+08
-3.16327  -0.714286  1.15136e+08
-2.95918  -0.714286  1.22325e+08
-2.7551  -0.714286  1.29113e+08
-2.55102  -0.714286  1.35346e+08
-2.34694  -0.714286  1.40842e+08
-2.14286  -0.714286  1.45376e+08
-1.93878  -0.714286  1.48666e+08
-1.73469  -0.714286  1.50345e+08
-1.53061  -0.714286  1.49922e+08
-1.32653  -0.714286  1.46739e+08
-1.12245  -0.714286  1.39931e+08
-0.918367  -0.714286  1.28479e+08
-0.714286  -0.714286  1.11588e+08
-0.510204  -0.714286  8.98856e+07
-0.306122  -0.714286  6.75778e+07
-0.102041  -0.714286  5.29081e+07
0.102041  -0.714286  5.2908e+07
0.306122  -0.714286  6.75775e+07
0.510204  -0.714286  8.98849e+07
0.714286  -0.714286  1.11587e+08
0.918367  -0.714286  1.28477e+08
1.12245  -0.714286  1.39929e+08
1.32653  -0.714286  1.46736e+08
1.53061  -0.714286  1.49918e+08
1.73469  -0.714286  1.50341e+08
1.93878  -0.714286  1.48661e+08
2.14286  -0.714286  1.45371e+08
2.34694  -0.714286  1.40836e+08
2.55102  -0.714286  1.3534e+08
2.7551  -0.714286  1.29107e+08
2.95918  -0.714286  1.22319e+08
3.16327  -0.714286  1.15129e+08
3.36735  -0.714286  1.07671e+08
3.57143  -0.714286  1.00058e+08
3.77551  -0.714286  9.23926e+07
3.97959  -0.714286  8.47633e+07
4.18367  -0.714286  7.72495e+07
4.38776  -0.714286  6.99207e+07
4.59184  -0.714286  6.28371e+07
4.79592  -0.714286  5.60502e+07
5  -0.714286  4.96034e+07
-5  -0.510204  5.0885e+07
-4.79592  -0.510204  5.75258e+07
-4.59184  -0.510204  6.45314e+07
-4.38776  -0.510204  7.18621e+07
-4.18367  -0.510204  7.94707e+07
-3.97959  -0.510204  8.73025e+07
-3.77551  -0.510204  9.52946e+07
-3.57143  -0.510204  1.03377e+08
-3.36735  -0.510204  1.1147e+08
-3.16327  -0.510204  1.19487e+08
-2.95918  -0.510204  1.27331e+08
-2.7551  -0.510204  1.34893e+08
-2.55102  -0.510204  1.4205e+08
-2.34694  -0.510204  1.48656e+08
-2.14286  -0.510204  1.54541e+08
-1.93878  -0.510204  1.59484e+08
-1.73469  -0.510204  1.63196e+08
-1.53061  -0.510204  1.6527e+08
-1.32653  -0.510204  1.65099e+08
-1.12245  -0.510204  1.61741e+08
-0.918367  -0.510204  1.53704e+08
-0.714286  -0.510204  1.38749e+08
-0.510204  -0.510204  1.1442e+08
-0.306122  -0.510204  8.20203e+07
-0.102041  -0.510204  5.55305e+07
0.102041  -0.510204  5.55304e+07
0.306122  -0.510204  8.202e+07
0.510204  -0.510204  1.1442e+08
0.714286  -0.510204  1.38747e+08
0.918367  -0.510204  1.53702e+08
1.12245  -0.510204  1.61739e+08
1.32653  -0.510204  1.65096e+08
1.53061  -0.510204  1.65267e+08
1.73469  -0.510204  1.63193e+08
1.93878  -0.510204  1.5948e+08
2.14286  -0.510204  1.54537e+08
2.34694  -0.510204  1.48652e+08
2.55102  -0.510204  1.42045e+08
2.7551  -0.510204  1.34889e+08
2.95918  -0.510204  1.27327e+08
3.16327  -0.510204  1.19483e+08
3.36735  -0.510204  1.11465e+08
3.57143  -0.510204  1.03372e+08
3.77551  -0.510204  9.52898e+07
3.97959  -0.510204  8.72976e+07
4.18367  -0.510204  7.94659e+07
4.38776  -0.510204  7.18574e+07
4.59184  -0.510204  6.45268e+07
4.79592  -0.510204  5.75214e+07
5  -0.510204  5.08807e+07
-5  -0.306122  5.17563e+07
-4.79592  -0.306122  5.85308e+07
-4.59184  -0.306122  6.56876e+07
-4.38776  -0.306122  7.31898e+07
-4.18367  -0.306122  8.09937e+07
-3.97959  -0.306122  8.90485e+07
-3.77551  -0.306122  9.72969e+07
-3.57143  -0.306122  1.05675e+08
-3.36735  -0.306122  1.14114e+08
-3.16327  -0.306122  1.22537e+08
-2.95918  -0.306122  1.30862e+08
-2.7551  -0.306122  1.39003e+08
-2.55102  -0.306122  1.46863e+08
-2.34694  -0.306122  1.54338e+08
-2.14286  -0.306122  1.61312e+08
-1.93878  -0.306122  1.67646e+08
-1.73469  -0.306122  1.73169e+08
-1.53061  -0.306122  1.77645e+08
-1.32653  -0.306122  1.80722e+08
-1.12245  -0.306122  1.81806e+08
-0.918367  -0.306122  1.79786e+08
-0.714286  -0.306122  1.72353e+08
-0.510204  -0.306122  1.54414e+08
-0.306122  -0.306122  1.16343e+08
-0.102041  -0.306122  6.28275e+07
0.102041  -0.306122  6.28274e+07
0.306122  -0.306122  1.16343e+08
0.510204  -0.306122  1.54414e+08
0.714286  -0.306122  1.72352e+08
0.918367  -0.306122  1.79785e+08
1.12245  -0.306122  1.81805e+08
1.32653  -0.306122  1.80721e+08
1.53061  -0.306122  1.77644e+08
1.73469  -0.306122  1.73167e+08
1.93878  -0.306122  1.67644e+08
2.14286  -0.306122  1.6131e+08
2.34694  -0.306122  1.54336e+08
2.55102  -0.306122  1.4686e+08
2.7551  -0.306122  1.39e+08
2.95918  -0.306122  1.3086e+08
3.16327  -0.306122  1.22534e+08
3.36735  -0.306122  1.14111e+08
3.57143  -0.306122  1.05672e+08
3.77551  -0.306122  9.72939e+07
3.97959  -0.306122  8.90455e+07
4.18367  -0.306122  8.09907e+07
4.38776  -0.306122  7.31869e+07
4.59184  -0.306122  6.56848e+07
4.79592  -0.306122  5.85281e+07
5  -0.306122  5.17536e+07
-5  -0.102041  5.2198e+07
-4.79592  -0.102041  5.90407e+07
-4.59184  -0.102041  6.62748e+07
-4.38776  -0.102041  7.3865e+07
-4.18367  -0.102041  8.17692e+07
-3.97959  -0.102041  8.9939e+07
-3.77551  -0.102041  9.83201e+07
-3.57143  -0.102041  1.06853e+08
-3.36735  -0.102041  1.15472e+08
-3.16327  -0.102041  1.24108e+08
-2.95918  -0.102041  1.32689e+08
-2.7551  -0.102041  1.4114e+08
-2.55102  -0.102041  1.49382e+08
-2.34694  -0.102041  1.57336e+08
-2.14286  -0.102041  1.64922e+08
-1.93878  -0.102041  1.72058e+08
-1.73469  -0.102041  1.78661e+08
-1.53061  -0.102041  1.84642e+08
-1.32653  -0.102041  1.89898e+08
-1.12245  -0.102041  1.94295e+08
-0.918367  -0.102041  1.97611e+08
-0.714286  -0.102041  1.99365e+08
-0.510204  -0.102041  1.98127e+08
-0.306122  -0.102041  1.87444e+08
-0.102041  -0.102041  1.17315e+08
0.102041  -0.102041  1.17315e+08
0.306122  -0.102041  1.87444e+08
0.510204  -0.102041  1.98126e+08
0.714286  -0.102041  1.99365e+08
0.918367  -0.102041  1.9761e+08
1.12245  -0.102041  1.94295e+08
1.32653  -0.102041  1.89898e+08
1.53061  -0.102041  1.84642e+08
1.73469  -0.102041  1.78661e+08
1.93878  -0.102041  1.72058e+08
2.14286  -0.102041  1.64921e+08
2.34694  -0.102041  1.57335e+08
2.55102  -0.102041  1.49381e+08
2.7551  -0.102041  1.41139e+08
2.95918  -0.102041  1.32689e+08
3.16327  -0.102041  1.24107e+08
3.36735  -0.102041  1.15471e+08
3.57143  -0.102041  1.06852e+08
3.77551  -0.102041  9.83191e+07
3.97959  -0.102041  8.9938e+07
4.18367  -0.102041  8.17682e+07
4.38776  -0.102041  7.3864e+07
4.59184  -0.102041  6.62739e+07
4.79592  -0.102041  5.90398e+07
5  -0.102041  5.21971e+07
-5  0.102041  5.21971e+07
-4.79592  0.102041  5.90398e+07
-4.59184  0.102041  6.62739e+07
-4.38776  0.102041  7.3864e+07
-4.18367  0.102041  8.17682e+07
-3.97959  0.102041  8.9938e+07
-3.77551  0.102041  9.83191e+07
-3.57143  0.102041  1.06852e+08
-3.36735  0.102041  1.15471e+08
-3.16327  0.102041  1.24107e+08
-2.95918  0.102041  1.32689e+08
-2.7551  0.102041  1.41139e+08
-2.55102  0.102041  1.49381e+08
-2.34694  0.102041  1.57335e+08
-2.14286  0.102041  1.64921e+08
-1.93878  0.102041  1.72058e+08
-1.73469  0.102041  1.78661e+08
-1.53061  0.102041  1.84642e+08
-1.32653  0.102041  1.89898e+08
-1.12245  0.102041  1.94295e+08
-0.918367  0.102041  1.9761e+08
-0.714286  0.102041  1.99365e+08
-0.510204  0.102041  1.98126e+08
-0.306122  0.102041  1.87444e+08
-0.102041  0.102041  1.17315e+08
0.102041  0.102041  1.17315e+08
0.306122  0.102041  1.87444e+08
0.510204  0.102041  1.98127e+08
0.714286  0.102041  1.99365e+08
0.918367  0.102041  1.97611e+08
1.12245  0.102041  1.94295e+08
1.32653  0.102041  1.89898e+08
1.53061  0.102041  1.84642e+08
1.73469  0.102041  1.78661e+08
1.93878  0.102041  1.72058e+08
2.14286  0.102041  1.64922e+08
2.34694  0.102041  1.57336e+08
2.55102  0.102041  1.49382e+08
2.7551  0.102041  1.4114e+08
2.95918  0.102041  1.32689e+08
3.16327  0.102041  1.24108e+08
3.36735  0.102041  1.15472e+08
3.57143  0.102041  1.06853e+08
3.77551  0.102041  9.83201e+07
3.97959  0.102041  8.9939e+07
4.18367  0.102041  8.17692e+07
4.38776  0.102041  7.3865e+07
4.59184  0.102041  6.62748e+07
4.79592  0.102041  5.90407e+07
5  0.102041  5.2198e+07
-5  0.306122  5.17536e+07
-4.79592  0.306122  5.85281e+07
-4.59184  0.306122  6.56848e+07
-4.38776  0.306122  7.31869e+07
-4.18367  0.306122  8.09907e+07
-3.97959  0.306122  8.90455e+07
-3.77551  0.306122  9.72939e+07
-3.57143  0.306122  1.05672e+08
-3.36735  0.306122  1.14111e+08
-3.16327  0.306122  1.22534e+08
-2.95918  0.306122  1.3086e+08
-2.7551  0.306122  1.39e+08
-2.55102  0.306122  1.4686e+08
-2.34694  0.306122  1.54336e+08
-2.14286  0.306122  1.6131e+08
-1.93878  0.306122  1.67644e+08
-1.73469  0.306122  1.73167e+08
-1.53061  0.306122  1.77644e+08
-1.32653  0.306122  1.80721e+08
-1.12245  0.306122  1.81805e+08
-0.918367  0.306122  1.79785e+08
-0.714286  0.306122  1.72352e+08
-0.510204  0.306122  1.54414e+08
-0.306122  0.306122  1.16343e+08
-0.102041  0.306122  6.28274e+07
0.102041  0.306122  6.28275e+07
0.306122  0.306122  1.16343e+08
0.510204  0.306122  1.54414e+08
0.714286  0.306122  1.72353e+08
0.918367  0.306122  1.79786e+08
1.12245  0.306122  1.81806e+08
1.32653  0.306122  1.80722e+08
1.53061  0.306122  1.77645e+08
1.73469  0.306122  1.73169e+08
1.93878  0.306122  1.67646e+08
2.14286  0.306122  1.61312e+08
2.34694  0.306122  1.54338e+08
2.55102  0.306122  1.46863e+08
2.7551  0.306122  1.39003e+08
2.95918  0.306122  1.30862e+08
3.16327  0.306122  1.22537e+08
3.36735  0.306122  1.14114e+08
3.57143  0.306122  1.05675e+08
3.77551  0.306122  9.72969e+07
3.97959  0.306122  8.90485e+07
4.18367  0.306122  8.09937e+07
4.38776  0.306122  7.31898e+07
4.59184  0.306122  6.56876e+07
4.79592  0.306122  5.85308e+07
5  0.306122  5.17563e+07
-5  0.510204  5.08807e+07
-4.79592  0.510204  5.75214e+07
-4.59184  0.510204  6.45268e+07
-4.38776  0.510204  7.18574e+07
-4.18367  0.510204  7.94659e+07
-3.97959  0.510204  8.72976e+07
-3.77551  0.510204  9.52898e+07
-3.57143  0.510204  1.03372e+08
-3.36735  0.510204  1.11465e+08
-3.16327  0.510204  1.19483e+08
-2.95918  0.510204  1.27327e+08
-2.7551  0.510204  1.34889e+08
-2.55102  0.510204  1.42045e+08
-2.34694  0.510204  1.48652e+08
-2.14286  0.510204  1.54537e+08
-1.93878  0.510204  1.5948e+08
-1.73469  0.510204  1.63193e+08
-1.53061  0.510204  1.65267e+08
-1.32653  0.510204  1.65096e+08
-1.12245  0.510204  1.61739e+08
-0.918367  0.510204  1.53702e+08
-0.714286  0.510204  1.38747e+08
-0.510204  0.510204  1.1442e+08
-0.306122  0.510204  8.202e+07
-0.102041  0.510204  5.55304e+07
0.102041  0.510204  5.55305e+07
0.306122  0.510204  8.20203e+07
0.510204  0.510204  1.1442e+08
0.714286  0.510204  1.38749e+08
0.918367  0.510204  1.53704e+08
1.12245  0.510204  1.61741e+08
1.32653  0.510204  1.65099e+08
1.53061  0.510204  1.6527e+08
1.73469  0.510204  1.63196e+08
1.93878  0.510204  1.59484e+08
2.14286  0.510204  1.54541e+08
2.34694  0.510204  1.48656e+08
2.55102  0.510204  1.4205e+08
2.7551  0.510204  1.34893e+08
2.95918  0.510204  1.27331e+08
3.16327  0.510204  1.19487e+08
3.36735  0.510204  1.1147e+08
3.57143  0.510204  1.03377e+08
3.77551  0.510204  9.52946e+07
3.97959  0.510204  8.73025e+07
4.18367  0.510204  7.94707e+07
4.38776  0.510204  7.18621e+07
4.59184  0.510204  6.45314e+07
4.79592  0.510204  5.75258e+07
5  0.510204  5.0885e+07
-5  0.714286  4.96034e+07
-4.79592  0.714286  5.60502e+07
-4.59184  0.714286  6.28371e+07
-4.38776  0.714286  6.99207e+07
-4.18367  0.714286  7.72495e+07
-3.97959  0.714286  8.47633e+07
-3.77551  0.714286  9.23926e+07
-3.57143  0.714286  1.00058e+08
-3.36735  0.714286  1.07671e+08
-3.16327  0.714286  1.15129e+08
-2.95918  0.714286  1.22319e+08
-2.7551  0.714286  1.29107e+08
-2.55102  0.714286  1.3534e+08
-2.34694  0.714286  1.40836e+08
-2.14286  0.714286  1.45371e+08
-1.93878  0.714286  1.48661e+08
-1.73469  0.714286  1.50341e+08
-1.53061  0.714286  1.49918e+08
-1.32653  0.714286  1.46736e+08
-1.12245  0.714286  1.39929e+08
-0.918367  0.714286  1.28477e+08
-0.714286  0.714286  1.11587e+08
-0.510204  0.714286  8.98849e+07
-0.306122  0.714286  6.75775e+07
-0.102041  0.714286  5.2908e+07
0.102041  0.714286  5.29081e+07
0.306122  0.714286  6.75778e+07
0.510204  0.714286  8.98856e+07
0.714286  0.714286  1.11588e+08
0.918367  0.714286  1.28479e+08
1.12245  0.714286  1.39931e+08
1.32653  0.714286  1.46739e+08
1.53061  0.714286  1.49922e+08
1.73469  0.714286  1.50345e+08
1.93878  0.714286  1.48666e+08
2.14286  0.714286  1.45376e+08
2.34694  0.714286  1.40842e+08
2.55102  0.714286  1.35346e+08
2.7551  0.714286  1.29113e+08
2.95918  0.714286  1.22325e+08
3.16327  0.714286  1.15136e+08
3.36735  0.714286  1.07677e+08
3.57143  0.714286  1.00065e+08
3.77551  0.714286  9.23992e+07
3.97959  0.714286  8.47699e+07
4.18367  0.714286  7.72561e+07
4.38776  0.714286  6.99271e+07
4.59184  0.714286  6.28433e+07
4.79592  0.714286  5.60563e+07
5  0.714286  4.96093e+07
-5  0.918367  4.79577e+07
-4.79592  0.918367  5.4158e+07
-4.59184  0.918367  6.06681e+07
-4.38776  0.918367  6.74407e+07
-4.18367  0.918367  7.44194e+07
-3.97959  0.918367  8.15382e+07
-3.77551  0.918367  8.87204e+07
-3.57143  0.918367  9.58785e+07
-3.36735  0.918367  1.02912e+08
-3.16327  0.918367  1.09708e+08
-2.95918  0.918367  1.16134e+08
-2.7551  0.918367  1.22039e+08
-2.55102  0.918367  1.27249e+08
-2.34694  0.918367  1.31553e+08
-2.14286  0.918367  1.34702e+08
-1.93878  0.918367  1.3639e+08
-1.73469  0.918367  1.36246e+08
-1.53061  0.918367  1.3382e+08
-1.32653  0.918367  1.28596e+08
-1.12245  0.918367  1.20061e+08
-0.918367  0.918367  1.07902e+08
-0.714286  0.918367  9.24631e+07
-0.510204  0.918367  7.543e+07
-0.306122  0.918367  6.02609e+07
-0.102041  0.918367  5.12385e+07
0.102041  0.918367  5.12386e+07
0.306122  0.918367  6.02613e+07
0.510204  0.918367  7.54307e+07
0.714286  0.918367  9.24644e+07
0.918367  0.918367  1.07904e+08
1.12245  0.918367  1.20063e+08
1.32653  0.918367  1.286e+08
1.53061  0.918367  1.33824e+08
1.73469  0.918367  1.36251e+08
1.93878  0.918367  1.36396e+08
2.14286  0.918367  1.34708e+08
2.34694  0.918367  1.3156e+08
2.55102  0.918367  1.27256e+08
2.7551  0.918367  1.22047e+08
2.95918  0.918367  1.16141e+08
3.16327  0.918367  1.09715e+08
3.36735  0.918367  1.0292e+08
3.57143  0.918367  9.58866e+07
3.77551  0.918367  8.87286e+07
3.97959  0.918367  8.15463e+07
4.18367  0.918367  7.44275e+07
4.38776  0.918367  6.74486e+07
4.59184  0.918367  6.06758e+07
4.79592  0.918367  5.41656e+07
5  0.918367  4.7965e+07
-5  1.12245  4.5988e+07
-4.79592  1.12245  5.18981e+07
-4.59184  1.12245  5.80841e+07
-4.38776  1.12245  6.44949e+07
-4.18367  1.12245  7.10696e+07
-3.97959  1.12245  7.77365e+07
-3.77551  1.12245  8.44129e+07
-3.57143  1.12245  9.10038e+07
-3.36735  1.12245  9.74006e+07
-3.16327  1.12245  1.0348e+08
-2.95918  1.12245  1.09099e+08
-2.7551  1.12245  1.14098e+08
-2.55102  1.12245  1.1829e+08
-2.34694  1.12245  1.2146e+08
-2.14286  1.12245  1.23362e+08
-1.93878  1.12245  1.23711e+08
-1.73469  1.12245  1.22193e+08
-1.53061  1.12245  1.1848e+08
-1.32653  1.12245  1.12279e+08
-1.12245  1.12245  1.03444e+08
-0.918367  1.12245  9.21661e+07
-0.714286  1.12245  7.92527e+07
-0.510204  1.12245  6.63424e+07
-0.306122  1.12245  5.57566e+07
-0.102041  1.12245  4.97814e+07
0.102041  1.12245  4.97815e+07
0.306122  1.12245  5.5757e+07
0.510204  1.12245  6.63432e+07
0.714286  1.12245  7.92541e+07
0.918367  1.12245  9.21681e+07
1.12245  1.12245  1.03447e+08
1.32653  1.12245  1.12283e+08
1.53061  1.12245  1.18484e+08
1.73469  1.12245  1.22198e+08
1.93878  1.12245  1.23717e+08
2.14286  1.12245  1.23368e+08
2.34694  1.12245  1.21468e+08
2.55102  1.12245  1.18298e+08
2.7551  1.12245  1.14106e+08
2.95918  1.12245  1.09108e+08
3.16327  1.12245  1.03489e+08
3.36735  1.12245  9.74098e+07
3.57143  1.12245  9.10131e+07
3.77551  1.12245  8.44223e+07
3.97959  1.12245  7.77459e+07
4.18367  1.12245  7.10789e+07
4.38776  1.12245  6.45042e+07
4.59184  1.12245  5.80932e+07
4.79592  1.12245  5.19069e+07
5  1.12245  4.59966e+07
-5  1.32653  4.37451e+07
-4.79592  1.32653  4.9331e+07
-4.59184  1.32653  5.51574e+07
-4.38776  1.32653  6.11698e+07
-4.18367  1.32653  6.73033e+07
-3.97959  1.32653  7.34824e+07
-3.77551  1.32653  7.96195e+07
-3.57143  1.32653  8.56147e+07
-3.36735  1.32653  9.13544e+07
-3.16327  1.32653  9.67102e+07
-2.95918  1.32653  1.01537e+08
-2.7551  1.32653  1.05673e+08
-2.55102  1.32653  1.08934e+08
-2.34694  1.32653  1.11121e+08
-2.14286  1.32653  1.12011e+08
-1.93878  1.32653  1.11375e+08
-1.73469  1.32653  1.08987e+08
-1.53061  1.32653  1.04659e+08
-1.32653  1.32653  9.83022e+07
-1.12245  1.32653  9.00247e+07
-0.918367  1.32653  8.02533e+07
-0.714286  1.32653  6.98468e+07
-0.510204  1.32653  6.00929e+07
-0.306122  1.32653  5.2486e+07
-0.102041  1.32653  4.83198e+07
0.102041  1.32653  4.83199e+07
0.306122  1.32653  5.24865e+07
0.510204  1.32653  6.00937e+07
0.714286  1.32653  6.98482e+07
0.918367  1.32653  8.02554e+07
1.12245  1.32653  9.00275e+07
1.32653  1.32653  9.83059e+07
1.53061  1.32653  1.04663e+08
1.73469  1.32653  1.08992e+08
1.93878  1.32653  1.11382e+08
2.14286  1.32653  1.12018e+08
2.34694  1.32653  1.11128e+08
2.55102  1.32653  1.08943e+08
2.7551  1.32653  1.05682e+08
2.95918  1.32653  1.01547e+08
3.16327  1.32653  9.67201e+07
3.36735  1.32653  9.13646e+07
3.57143  1.32653  8.56251e+07
3.77551  1.32653  7.963e+07
3.97959  1.32653  7.34929e+07
4.18367  1.32653  6.73138e+07
4.38776  1.32653  6.11801e+07
4.59184  1.32653  5.51675e+07
4.79592  1.32653  4.93409e+07
5  1.32653  4.37547e+07
-5  1.53061  4.12834e+07
-4.79592  1.53061  4.6521e+07
-4.59184  1.53061  5.19639e+07
-4.38776  1.53061  5.75551e+07
-4.18367  1.53061  6.32272e+07
-3.97959  1.53061  6.89019e+07
-3.77551  1.53061  7.44893e+07
-3.57143  1.53061  7.98876e+07
-3.36735  1.53061  8.4982e+07
-3.16327  1.53061  8.96449e+07
-2.95918  1.53061  9.37347e+07
-2.7551  1.53061  9.70967e+07
-2.55102  1.53061  9.95638e+07
-2.34694  1.53061  1.0096e+08
-2.14286  1.53061  1.01108e+08
-1.93878  1.53061  9.98385e+07
-1.73469  1.53061  9.70182e+07
-1.53061  1.53061  9.25805e+07
-1.32653  1.53061  8.65793e+07
-1.12245  1.53061  7.92526e+07
-0.918367  1.53061  7.10828e+07
-0.714286  1.53061  6.28162e+07
-0.510204  1.53061  5.5396e+07
-0.306122  1.53061  4.97911e+07
-0.102041  1.53061  4.67783e+07
0.102041  1.53061  4.67784e+07
0.306122  1.53061  4.97916e+07
0.510204  1.53061  5.53969e+07
0.714286  1.53061  6.28177e+07
0.918367  1.53061  7.10849e+07
1.12245  1.53061  7.92555e+07
1.32653  1.53061  8.65831e+07
1.53061  1.53061  9.25852e+07
1.73469  1.53061  9.70238e+07
1.93878  1.53061  9.98449e+07
2.14286  1.53061  1.01115e+08
2.34694  1.53061  1.00968e+08
2.55102  1.53061  9.95727e+07
2.7551  1.53061  9.71062e+07
2.95918  1.53061  9.37448e+07
3.16327  1.53061  8.96554e+07
3.36735  1.53061  8.49929e+07
3.57143  1.53061  7.98987e+07
3.77551  1.53061  7.45006e+07
3.97959  1.53061  6.89132e+07
4.18367  1.53061  6.32385e+07
4.38776  1.53061  5.75663e+07
4.59184  1.53061  5.19749e+07
4.79592  1.53061  4.65317e+07
5  1.53061  4.12938e+07
-5  1.73469  3.86582e+07
-4.79592  1.73469  4.3533e+07
-4.59184  1.73469  4.85797e+07
-4.38776  1.73469  5.37399e+07
-4.18367  1.73469  5.89448e+07
-3.97959  1.73469  6.41156e+07
-3.77551  1.73469  6.91623e+07
-3.57143  1.73469  7.3984e+07
-3.36735  1.73469  7.84691e+07
-3.16327  1.73469  8.24949e+07
-2.95918  1.73469  8.59293e+07
-2.7551  1.73469  8.86321e+07
-2.55102  1.73469  9.04584e+07
-2.34694  1.73469  9.12648e+07
-2.14286  1.73469  9.09187e+07
-1.93878  1.73469  8.93137e+07
-1.73469  1.73469  8.63911e+07
-1.53061  1.73469  8.21705e+07
-1.32653  1.73469  7.67851e+07
-1.12245  1.73469  7.05169e+07
-0.918367  1.73469  6.38149e+07
-0.714286  1.73469  5.7277e+07
-0.510204  1.73469  5.15804e+07
-0.306122  1.73469  4.73681e+07
-0.102041  1.73469  4.51314e+07
0.102041  1.73469  4.51316e+07
0.306122  1.73469  4.73686e+07
0.510204  1.73469  5.15814e+07
0.714286  1.73469  5.72785e+07
0.918367  1.73469  6.3817e+07
1.12245  1.73469  7.05198e+07
1.32653  1.73469  7.67889e+07
1.53061  1.73469  8.21751e+07
1.73469  1.73469  8.63967e+07
1.93878  1.73469  8.93202e+07
2.14286  1.73469  9.09262e+07
2.34694  1.73469  9.12731e+07
2.55102  1.73469  9.04675e+07
2.7551  1.73469  8.86419e+07
2.95918  1.73469  8.59398e+07
3.16327  1.73469  8.25059e+07
3.36735  1.73469  7.84804e+07
3.57143  1.73469  7.39957e+07
3.77551  1.73469  6.91741e+07
3.97959  1.73469  6.41275e+07
4.18367  1.73469  5.89567e+07
4.38776  1.73469  5.37516e+07
4.59184  1.73469  4.85913e+07
4.79592  1.73469  4.35444e+07
5  1.73469  3.86692e+07
-5  1.93878  3.59242e+07
-4.79592  1.93878  4.04304e+07
-4.59184  1.93878  4.5078e+07
-4.38776  1.93878  4.98081e+07
-4.18367  1.93878  5.45527e+07
-3.97959  1.93878  5.92336e+07
-3.77551  1.93878  6.37632e+07
-3.57143  1.93878  6.80445e+07
-3.36735  1.93878  7.19716e+07
-3.16327  1.93878  7.54311e+07
-2.95918  1.93878  7.83037e+07
-2.7551  1.93878  8.04676e+07
-2.55102  1.93878  8.18033e+07
-2.34694  1.93878  8.22004e+07
-2.14286  1.93878  8.15686e+07
-1.93878  1.93878  7.98517e+07
-1.73469  1.93878  7.70464e+07
-1.53061  1.93878  7.32234e+07
-1.32653  1.93878  6.85493e+07
-1.12245  1.93878  6.33002e+07
-0.918367  1.93878  5.78598e+07
-0.714286  1.93878  5.26912e+07
-0.510204  1.93878  4.82807e+07
-0.306122  1.93878  4.50669e+07
-0.102041  1.93878  4.33747e+07
0.102041  1.93878  4.33749e+07
0.306122  1.93878  4.50674e+07
0.510204  1.93878  4.82817e+07
0.714286  1.93878  5.26927e+07
0.918367  1.93878  5.7862e+07
1.12245  1.93878  6.3303e+07
1.32653  1.93878  6.8553e+07
1.53061  1.93878  7.3228e+07
1.73469  1.93878  7.7052e+07
1.93878  1.93878  7.98583e+07
2.14286  1.93878  8.1576e+07
2.34694  1.93878  8.22087e+07
2.55102  1.93878  8.18125e+07
2.7551  1.93878  8.04776e+07
2.95918  1.93878  7.83143e+07
3.16327  1.93878  7.54422e+07
3.36735  1.93878  7.19832e+07
3.57143  1.93878  6.80564e+07
3.77551  1.93878  6.37753e+07
3.97959  1.93878  5.92458e+07
4.18367  1.93878  5.45649e+07
4.38776  1.93878  4.98203e+07
4.59184  1.93878  4.50899e+07
4.79592  1.93878  4.04421e+07
5  1.93878  3.59356e+07
-5  2.14286  3.31329e+07
-4.79592  2.14286  3.72722e+07
-4.59184  2.14286  4.1526e+07
-4.38776  2.14286  4.58364e+07
-4.18367  2.14286  5.01368e+07
-3.97959  2.14286  5.43519e+07
-3.77551  2.14286  5.83983e+07
-3.57143  2.14286  6.21847e+07
-3.36735  2.14286  6.56135e+07
-3.16327  2.14286  6.85827e+07
-2.95918  2.14286  7.0988e+07
-2.7551  2.14286  7.27271e+07
-2.55102  2.14286  7.37052e+07
-2.34694  2.14286  7.38423e+07
-2.14286  2.14286  7.30828e+07
-1.93878  2.14286  7.14079e+07
-1.73469  2.14286  6.88493e+07
-1.53061  2.14286  6.55029e+07
-1.32653  2.14286  6.15393e+07
-1.12245  2.14286  5.72062e+07
-0.918367  2.14286  5.28181e+07
-0.714286  2.14286  4.87287e+07
-0.510204  2.14286  4.52909e+07
-0.306122  2.14286  4.28116e+07
-0.102041  2.14286  4.1514e+07
0.102041  2.14286  4.15142e+07
0.306122  2.14286  4.28122e+07
0.510204  2.14286  4.52919e+07
0.714286  2.14286  4.87302e+07
0.918367  2.14286  5.28203e+07
1.12245  2.14286  5.72091e+07
1.32653  2.14286  6.15429e+07
1.53061  2.14286  6.55075e+07
1.73469  2.14286  6.88548e+07
1.93878  2.14286  7.14143e+07
2.14286  2.14286  7.30901e+07
2.34694  2.14286  7.38505e+07
2.55102  2.14286  7.37143e+07
2.7551  2.14286  7.27369e+07
2.95918  2.14286  7.09985e+07
3.16327  2.14286  6.85938e+07
3.36735  2.14286  6.56251e+07
3.57143  2.14286  6.21966e+07
3.77551  2.14286  5.84105e+07
3.97959  2.14286  5.43643e+07
4.18367  2.14286  5.01491e+07
4.38776  2.14286  4.58487e+07
4.59184  2.14286  4.15381e+07
4.79592  2.14286  3.72841e+07
5  2.14286  3.31444e+07
-5  2.34694  3.03314e+07
-4.79592  2.34694  3.41118e+07
-4.59184  2.34694  3.79838e+07
-4.38776  2.34694  4.18914e+07
-4.18367  2.34694  4.57709e+07
-3.97959  2.34694  4.9551e+07
-3.77551  2.34694  5.31538e+07
-3.57143  2.34694  5.64954e+07
-3.36735  2.34694  5.94878e+07
-3.16327  2.34694  6.20411e+07
-2.95918  2.34694  6.40667e+07
-2.7551  2.34694  6.54812e+07
-2.55102  2.34694  6.62118e+07
-2.34694  2.34694  6.62037e+07
-2.14286  2.34694  6.54279e+07
-1.93878  2.34694  6.38906e+07
-1.73469  2.34694  6.16428e+07
-1.53061  2.34694  5.87876e+07
-1.32653  2.34694  5.54845e+07
-1.12245  2.34694  5.19453e+07
-0.918367  2.34694  4.84221e+07
-0.714286  2.34694  4.51846e+07
-0.510204  2.34694  4.24922e+07
-0.306122  2.34694  4.05649e+07
-0.102041  2.34694  3.95604e+07
0.102041  2.34694  3.95606e+07
0.306122  2.34694  4.05655e+07
0.510204  2.34694  4.24933e+07
0.714286  2.34694  4.51862e+07
0.918367  2.34694  4.84243e+07
1.12245  2.34694  5.19482e+07
1.32653  2.34694  5.54881e+07
1.53061  2.34694  5.87921e+07
1.73469  2.34694  6.16481e+07
1.93878  2.34694  6.38969e+07
2.14286  2.34694  6.54351e+07
2.34694  2.34694  6.62118e+07
2.55102  2.34694  6.62207e+07
2.7551  2.34694  6.54908e+07
2.95918  2.34694  6.40771e+07
3.16327  2.34694  6.20521e+07
3.36735  2.34694  5.94992e+07
3.57143  2.34694  5.65072e+07
3.77551  2.34694  5.31659e+07
3.97959  2.34694  4.95633e+07
4.18367  2.34694  4.57832e+07
4.38776  2.34694  4.19036e+07
4.59184  2.34694  3.79959e+07
4.79592  2.34694  3.41237e+07
5  2.34694  3.03429e+07
-5  2.55102  2.75619e+07
-4.79592  2.55102  3.09962e+07
-4.59184  2.55102  3.45032e+07
-4.38776  2.55102  3.80298e+07
-4.18367  2.55102  4.1516e+07
-3.97959  2.55102  4.48955e+07
-3.77551  2.55102  4.80968e+07
-3.57143  2.55102  5.1044e+07
-3.36735  2.55102  5.36595e+07
-3.16327  2.55102  5.58656e+07
-2.95918  2.55102  5.75883e+07
-2.7551  2.55102  5.8761e+07
-2.55102  2.55102  5.933e+07
-2.34694  2.55102  5.92597e+07
-2.14286  2.55102  5.854e+07
-1.93878  2.55102  5.71921e+07
-1.73469  2.55102  5.52751e+07
-1.53061  2.55102  5.28891e+07
-1.32653  2.55102  5.01752e+07
-1.12245  2.55102  4.73097e+07
-0.918367  2.55102  4.44927e+07
-0.714286  2.55102  4.19305e+07
-0.510204  2.55102  3.98161e+07
-0.306122  2.55102  3.83107e+07
-0.102041  2.55102  3.75285e+07
0.102041  2.55102  3.75287e+07
0.306122  2.55102  3.83113e+07
0.510204  2.55102  3.98172e+07
0.714286  2.55102  4.1932e+07
0.918367  2.55102  4.44948e+07
1.12245  2.55102  4.73125e+07
1.32653  2.55102  5.01787e+07
1.53061  2.55102  5.28934e+07
1.73469  2.55102  5.52803e+07
1.93878  2.55102  5.71982e+07
2.14286  2.55102  5.85469e+07
2.34694  2.55102  5.92675e+07
2.55102  2.55102  5.93386e+07
2.7551  2.55102  5.87704e+07
2.95918  2.55102  5.75983e+07
3.16327  2.55102  5.58763e+07
3.36735  2.55102  5.36707e+07
3.57143  2.55102  5.10556e+07
3.77551  2.55102  4.81086e+07
3.97959  2.55102  4.49075e+07
4.18367  2.55102  4.15281e+07
4.38776  2.55102  3.80418e+07
4.59184  2.55102  3.4515e+07
4.79592  2.55102  3.10078e+07
5  2.55102  2.75732e+07
-5  2.7551  2.48604e+07
-4.79592  2.7551  2.79649e+07
-4.59184  2.7551  3.11272e+07
-4.38776  2.7551  3.42976e+07
-4.18367  2.7551  3.74204e+07
-3.97959  2.7551  4.04349e+07
-3.77551  2.7551  4.32764e+07
-3.57143  2.7551  4.58776e+07
-3.36735  2.7551  4.81706e+07
-3.16327  2.7551  5.00895e+07
-2.95918  2.7551  5.15734e+07
-2.7551  2.7551  5.25702e+07
-2.55102  2.7551  5.3041e+07
-2.34694  2.7551  5.29647e+07
-2.14286  2.7551  5.23434e+07
-1.93878  2.7551  5.12061e+07
-1.73469  2.7551  4.96126e+07
-1.53061  2.7551  4.76546e+07
-1.32653  2.7551  4.54528e+07
-1.12245  2.7551  4.31519e+07
-0.918367  2.7551  4.09099e+07
-0.714286  2.7551  3.88854e+07
-0.510204  2.7551  3.72239e+07
-0.306122  2.7551  3.60454e+07
-0.102041  2.7551  3.54344e+07
0.102041  2.7551  3.54346e+07
0.306122  2.7551  3.6046e+07
0.510204  2.7551  3.7225e+07
0.714286  2.7551  3.88869e+07
0.918367  2.7551  4.0912e+07
1.12245  2.7551  4.31547e+07
1.32653  2.7551  4.54563e+07
1.53061  2.7551  4.76587e+07
1.73469  2.7551  4.96176e+07
1.93878  2.7551  5.12119e+07
2.14286  2.7551  5.235e+07
2.34694  2.7551  5.29722e+07
2.55102  2.7551  5.30492e+07
2.7551  2.7551  5.25792e+07
2.95918  2.7551  5.15831e+07
3.16327  2.7551  5.00998e+07
3.36735  2.7551  4.81814e+07
3.57143  2.7551  4.58887e+07
3.77551  2.7551  4.32878e+07
3.97959  2.7551  4.04465e+07
4.18367  2.7551  3.7432e+07
4.38776  2.7551  3.43092e+07
4.59184  2.7551  3.11386e+07
4.79592  2.7551  2.79761e+07
5  2.7551  2.48713e+07
-5  2.95918  2.22569e+07
-4.79592  2.95918  2.50503e+07
-4.59184  2.95918  2.78902e+07
-4.38776  2.95918  3.07306e+07
-4.18367  2.95918  3.35206e+07
-3.97959  2.95918  3.62052e+07
-3.77551  2.95918  3.87267e+07
-3.57143  2.95918  4.1026e+07
-3.36735  2.95918  4.30445e+07
-3.16327  2.95918  4.47269e+07
-2.95918  2.95918  4.60236e+07
-2.7551  2.95918  4.68943e+07
-2.55102  2.95918  4.73115e+07
-2.34694  2.95918  4.72642e+07
-2.14286  2.95918  4.67616e+07
-1.93878  2.95918  4.58357e+07
-1.73469  2.95918  4.45429e+07
-1.53061  2.95918  4.29637e+07
-1.32653  2.95918  4.11997e+07
-1.12245  2.95918  3.93681e+07
-0.918367  2.95918  3.75936e+07
-0.714286  2.95918  3.59991e+07
-0.510204  2.95918  3.46953e+07
-0.306122  2.95918  3.37728e+07
-0.102041  2.95918  3.32953e+07
0.102041  2.95918  3.32955e+07
0.306122  2.95918  3.37734e+07
0.510204  2.95918  3.46963e+07
0.714286  2.95918  3.60006e+07
0.918367  2.95918  3.75957e+07
1.12245  2.95918  3.93708e+07
1.32653  2.95918  4.1203e+07
1.53061  2.95918  4.29677e+07
1.73469  2.95918  4.45477e+07
1.93878  2.95918  4.58413e+07
2.14286  2.95918  4.6768e+07
2.34694  2.95918  4.72713e+07
2.55102  2.95918  4.73193e+07
2.7551  2.95918  4.69028e+07
2.95918  2.95918  4.60327e+07
3.16327  2.95918  4.47366e+07
3.36735  2.95918  4.30547e+07
3.57143  2.95918  4.10365e+07
3.77551  2.95918  3.87376e+07
3.97959  2.95918  3.62162e+07
4.18367  2.95918  3.35317e+07
4.38776  2.95918  3.07417e+07
4.59184  2.95918  2.79012e+07
4.79592  2.95918  2.50611e+07
5  2.95918  2.22673e+07
-5  3.16327  1.97755e+07
-4.79592  3.16327  2.22781e+07
-4.59184  3.16327  2.48188e+07
-4.38776  3.16327  2.73556e+07
-4.18367  3.16327  2.98426e+07
-3.97959  3.16327  3.22307e+07
-3.77551  3.16327  3.44687e+07
-3.57143  3.16327  3.65052e+07
-3.36735  3.16327  3.82902e+07
-3.16327  3.16327  3.97776e+07
-2.95918  3.16327  4.09273e+07
-2.7551  3.16327  4.17082e+07
-2.55102  3.16327  4.21012e+07
-2.34694  3.16327  4.21022e+07
-2.14286  3.16327  4.17237e+07
-1.93878  3.16327  4.09976e+07
-1.73469  3.16327  3.99746e+07
-1.53061  3.16327  3.87237e+07
-1.32653  3.16327  3.73291e+07
-1.12245  3.16327  3.58853e+07
-0.918367  3.16327  3.44908e+07
-0.714286  3.16327  3.32412e+07
-0.510204  3.16327  3.22216e+07
-0.306122  3.16327  3.15014e+07
-0.102041  3.16327  3.11289e+07
0.102041  3.16327  3.11291e+07
0.306122  3.16327  3.1502e+07
0.510204  3.16327  3.22227e+07
0.714286  3.16327  3.32427e+07
0.918367  3.16327  3.44929e+07
1.12245  3.16327  3.58879e+07
1.32653  3.16327  3.73323e+07
1.53061  3.16327  3.87275e+07
1.73469  3.16327  3.99791e+07
1.93878  3.16327  4.10028e+07
2.14286  3.16327  4.17297e+07
2.34694  3.16327  4.21089e+07
2.55102  3.16327  4.21086e+07
2.7551  3.16327  4.17162e+07
2.95918  3.16327  4.09359e+07
3.16327  3.16327  3.97868e+07
3.36735  3.16327  3.82999e+07
3.57143  3.16327  3.65152e+07
3.77551  3.16327  3.44789e+07
3.97959  3.16327  3.22411e+07
4.18367  3.16327  2.98531e+07
4.38776  3.16327  2.73661e+07
4.59184  3.16327  2.48291e+07
4.79592  3.16327  2.22882e+07
5  3.16327  1.97853e+07
-5  3.36735  1.74347e+07
-4.79592  3.36735  1.96672e+07
-4.59184  3.36735  2.1932e+07
-4.38776  3.36735  2.41912e+07
-4.18367  3.36735  2.64037e+07
-3.97959  3.36735  2.85259e+07
-3.77551  3.36735  3.05131e+07
-3.57143  3.36735  3.23208e+07
-3.36735  3.36735  3.39067e+07
-3.16327  3.36735  3.52322e+07
-2.95918  3.36735  3.62651e+07
-2.7551  3.36735  3.69815e+07
-2.55102  3.36735  3.73684e+07
-2.34694  3.36735  3.74254e+07
-2.14286  3.36735  3.71667e+07
-1.93878  3.36735  3.66215e+07
-1.73469  3.36735  3.58344e+07
-1.53061  3.36735  3.48634e+07
-1.32653  3.36735  3.37775e+07
-1.12245  3.36735  3.26527e+07
-0.918367  3.36735  3.15668e+07
-0.714286  3.36735  3.05944e+07
-0.510204  3.36735  2.98017e+07
-0.306122  3.36735  2.92421e+07
-0.102041  3.36735  2.89528e+07
0.102041  3.36735  2.8953e+07
0.306122  3.36735  2.92427e+07
0.510204  3.36735  2.98027e+07
0.714286  3.36735  3.05959e+07
0.918367  3.36735  3.15687e+07
1.12245  3.36735  3.26551e+07
1.32653  3.36735  3.37805e+07
1.53061  3.36735  3.4867e+07
1.73469  3.36735  3.58387e+07
1.93878  3.36735  3.66265e+07
2.14286  3.36735  3.71723e+07
2.34694  3.36735  3.74317e+07
2.55102  3.36735  3.73753e+07
2.7551  3.36735  3.69891e+07
2.95918  3.36735  3.62732e+07
3.16327  3.36735  3.52408e+07
3.36735  3.36735  3.39157e+07
3.57143  3.36735  3.23302e+07
3.77551  3.36735  3.05227e+07
3.97959  3.36735  2.85356e+07
4.18367  3.36735  2.64135e+07
4.38776  3.36735  2.4201e+07
4.59184  3.36735  2.19416e+07
4.79592  3.36735  1.96766e+07
5  3.36735  1.74438e+07
-5  3.57143  1.52478e+07
-4.79592  3.57143  1.7231e+07
-4.59184  3.57143  1.92426e+07
-4.38776  3.57143  2.12489e+07
-4.18367  3.57143  2.32134e+07
-3.97959  3.57143  2.50976e+07
-3.77551  3.57143  2.68628e+07
-3.57143  3.57143  2.84707e+07
-3.36735  3.57143  2.98855e+07
-3.16327  3.57143  3.10751e+07
-2.95918  3.57143  3.20134e+07
-2.7551  3.57143  3.26821e+07
-2.55102  3.57143  3.30722e+07
-2.34694  3.57143  3.31855e+07
-2.14286  3.57143  3.3036e+07
-1.93878  3.57143  3.26498e+07
-1.73469  3.57143  3.20647e+07
-1.53061  3.57143  3.1329e+07
-1.32653  3.57143  3.04989e+07
-1.12245  3.57143  2.96351e+07
-0.918367  3.57143  2.87994e+07
-0.714286  3.57143  2.80501e+07
-0.510204  3.57143  2.74389e+07
-0.306122  3.57143  2.70073e+07
-0.102041  3.57143  2.67842e+07
0.102041  3.57143  2.67843e+07
0.306122  3.57143  2.70079e+07
0.510204  3.57143  2.74399e+07
0.714286  3.57143  2.80515e+07
0.918367  3.57143  2.88012e+07
1.12245  3.57143  2.96375e+07
1.32653  3.57143  3.05018e+07
1.53061  3.57143  3.13325e+07
1.73469  3.57143  3.20687e+07
1.93878  3.57143  3.26544e+07
2.14286  3.57143  3.30413e+07
2.34694  3.57143  3.31914e+07
2.55102  3.57143  3.30786e+07
2.7551  3.57143  3.26891e+07
2.95918  3.57143  3.20209e+07
3.16327  3.57143  3.1083e+07
3.36735  3.57143  2.98938e+07
3.57143  3.57143  2.84794e+07
3.77551  3.57143  2.68717e+07
3.97959  3.57143  2.51066e+07
4.18367  3.57143  2.32224e+07
4.38776  3.57143  2.12579e+07
4.59184  3.57143  1.92515e+07
4.79592  3.57143  1.72396e+07
5  3.57143  1.52562e+07
-5  3.77551  1.32234e+07
-4.79592  3.77551  1.49775e+07
-4.59184  3.77551  1.67579e+07
-4.38776  3.77551  1.85344e+07
-4.18367  3.77551  2.02751e+07
-3.97959  3.77551  2.19464e+07
-3.77551  3.77551  2.35146e+07
-3.57143  3.77551  2.49471e+07
-3.36735  3.77551  2.62134e+07
-3.16327  3.77551  2.7287e+07
-2.95918  3.77551  2.81466e+07
-2.7551  3.77551  2.8778e+07
-2.55102  3.77551  2.91747e+07
-2.34694  3.77551  2.93397e+07
-2.14286  3.77551  2.92858e+07
-1.93878  3.77551  2.90353e+07
-1.73469  3.77551  2.86202e+07
-1.53061  3.77551  2.80799e+07
-1.32653  3.77551  2.74599e+07
-1.12245  3.77551  2.68087e+07
-0.918367  3.77551  2.61752e+07
-0.714286  3.77551  2.56053e+07
-0.510204  3.77551  2.51395e+07
-0.306122  3.77551  2.48101e+07
-0.102041  3.77551  2.46397e+07
0.102041  3.77551  2.46399e+07
0.306122  3.77551  2.48107e+07
0.510204  3.77551  2.51404e+07
0.714286  3.77551  2.56067e+07
0.918367  3.77551  2.6177e+07
1.12245  3.77551  2.6811e+07
1.32653  3.77551  2.74626e+07
1.53061  3.77551  2.80832e+07
1.73469  3.77551  2.8624e+07
1.93878  3.77551  2.90397e+07
2.14286  3.77551  2.92906e+07
2.34694  3.77551  2.93451e+07
2.55102  3.77551  2.91806e+07
2.7551  3.77551  2.87844e+07
2.95918  3.77551  2.81535e+07
3.16327  3.77551  2.72943e+07
3.36735  3.77551  2.6221e+07
3.57143  3.77551  2.49549e+07
3.77551  3.77551  2.35227e+07
3.97959  3.77551  2.19546e+07
4.18367  3.77551  2.02833e+07
4.38776  3.77551  1.85426e+07
4.59184  3.77551  1.67659e+07
4.79592  3.77551  1.49853e+07
5  3.77551  1.32309e+07
-5  3.97959  1.1366e+07
-4.79592  3.97959  1.29106e+07
-4.59184  3.97959  1.44803e+07
-4.38776  3.97959  1.60487e+07
-4.18367  3.97959  1.75876e+07
-3.97959  3.97959  1.9068e+07
-3.77551  3.97959  2.04608e+07
-3.57143  3.97959  2.17382e+07
-3.36735  3.97959  2.28743e+07
-3.16327  3.97959  2.3847e+07
-2.95918  3.97959  2.4639e+07
-2.7551  3.97959  2.52387e+07
-2.55102  3.97959  2.56416e+07
-2.34694  3.97959  2.58508e+07
-2.14286  3.97959  2.58773e+07
-1.93878  3.97959  2.57401e+07
-1.73469  3.97959  2.54654e+07
-1.53061  3.97959  2.50854e+07
-1.32653  3.97959  2.46365e+07
-1.12245  3.97959  2.41574e+07
-0.918367  3.97959  2.36868e+07
-0.714286  3.97959  2.32608e+07
-0.510204  3.97959  2.29112e+07
-0.306122  3.97959  2.26634e+07
-0.102041  3.97959  2.25351e+07
0.102041  3.97959  2.25353e+07
0.306122  3.97959  2.2664e+07
0.510204  3.97959  2.29121e+07
0.714286  3.97959  2.32621e+07
0.918367  3.97959  2.36885e+07
1.12245  3.97959  2.41595e+07
1.32653  3.97959  2.46391e+07
1.53061  3.97959  2.50884e+07
1.73469  3.97959  2.54689e+07
1.93878  3.97959  2.57441e+07
2.14286  3.97959  2.58818e+07
2.34694  3.97959  2.58557e+07
2.55102  3.97959  2.5647e+07
2.7551  3.97959  2.52446e+07
2.95918  3.97959  2.46453e+07
3.16327  3.97959  2.38537e+07
3.36735  3.97959  2.28812e+07
3.57143  3.97959  2.17453e+07
3.77551  3.97959  2.04681e+07
3.97959  3.97959  1.90754e+07
4.18367  3.97959  1.7595e+07
4.38776  3.97959  1.6056e+07
4.59184  3.97959  1.44875e+07
4.79592  3.97959  1.29177e+07
5  3.97959  1.13728e+07
-5  4.18367  9.67697e+06
-4.79592  4.18367  1.10306e+07
-4.59184  4.18367  1.24088e+07
-4.38776  4.18367  1.37887e+07
-4.18367  4.18367  1.51457e+07
-3.97959  4.18367  1.64547e+07
-3.77551  4.18367  1.76907e+07
-3.57143  4.18367  1.88299e+07
-3.36735  4.18367  1.98504e+07
-3.16327  4.18367  2.07338e+07
-2.95918  4.18367  2.14654e+07
-2.7551  4.18367  2.20361e+07
-2.55102  4.18367  2.24422e+07
-2.34694  4.18367  2.26865e+07
-2.14286  4.18367  2.27783e+07
-1.93878  4.18367  2.27333e+07
-1.73469  4.18367  2.25727e+07
-1.53061  4.18367  2.23224e+07
-1.32653  4.18367  2.20114e+07
-1.12245  4.18367  2.16706e+07
-0.918367  4.18367  2.13304e+07
-0.714286  4.18367  2.10194e+07
-0.510204  4.18367  2.07626e+07
-0.306122  4.18367  2.05797e+07
-0.102041  4.18367  2.04849e+07
0.102041  4.18367  2.0485e+07
0.306122  4.18367  2.05802e+07
0.510204  4.18367  2.07634e+07
0.714286  4.18367  2.10206e+07
0.918367  4.18367  2.1332e+07
1.12245  4.18367  2.16725e+07
1.32653  4.18367  2.20138e+07
1.53061  4.18367  2.23252e+07
1.73469  4.18367  2.25759e+07
1.93878  4.18367  2.2737e+07
2.14286  4.18367  2.27825e+07
2.34694  4.18367  2.2691e+07
2.55102  4.18367  2.24471e+07
2.7551  4.18367  2.20414e+07
2.95918  4.18367  2.14711e+07
3.16327  4.18367  2.07397e+07
3.36735  4.18367  1.98567e+07
3.57143  4.18367  1.88363e+07
3.77551  4.18367  1.76973e+07
3.97959  4.18367  1.64613e+07
4.18367  4.18367  1.51523e+07
4.38776  4.18367  1.37952e+07
4.59184  4.18367  1.24153e+07
4.79592  4.18367  1.10368e+07
5  4.18367  9.68295e+06
-5  4.38776  8.15443e+06
-4.79592  4.38776  9.33452e+06
-4.59184  4.38776  1.05393e+07
-4.38776  4.38776  1.17487e+07
-4.18367  4.38776  1.29416e+07
-3.97959  4.38776  1.40963e+07
-3.77551  4.38776  1.51915e+07
-3.57143  4.38776  1.62067e+07
-3.36735  4.38776  1.71234e+07
-3.16327  4.38776  1.79259e+07
-2.95918  4.38776  1.86021e+07
-2.7551  4.38776  1.91442e+07
-2.55102  4.38776  1.95491e+07
-2.34694  4.38776  1.98193e+07
-2.14286  4.38776  1.9962e+07
-1.93878  4.38776  1.999e+07
-1.73469  4.38776  1.99201e+07
-1.53061  4.38776  1.97731e+07
-1.32653  4.38776  1.95721e+07
-1.12245  4.38776  1.93414e+07
-0.918367  4.38776  1.91049e+07
-0.714286  4.38776  1.88853e+07
-0.510204  4.38776  1.8702e+07
-0.306122  4.38776  1.85707e+07
-0.102041  4.38776  1.85023e+07
0.102041  4.38776  1.85025e+07
0.306122  4.38776  1.85712e+07
0.510204  4.38776  1.87028e+07
0.714286  4.38776  1.88864e+07
0.918367  4.38776  1.91064e+07
1.12245  4.38776  1.93432e+07
1.32653  4.38776  1.95743e+07
1.53061  4.38776  1.97757e+07
1.73469  4.38776  1.99231e+07
1.93878  4.38776  1.99933e+07
2.14286  4.38776  1.99657e+07
2.34694  4.38776  1.98234e+07
2.55102  4.38776  1.95536e+07
2.7551  4.38776  1.9149e+07
2.95918  4.38776  1.86072e+07
3.16327  4.38776  1.79312e+07
3.36735  4.38776  1.71289e+07
3.57143  4.38776  1.62124e+07
3.77551  4.38776  1.51973e+07
3.97959  4.38776  1.41022e+07
4.18367  4.38776  1.29474e+07
4.38776  4.38776  1.17544e+07
4.59184  4.38776  1.05449e+07
4.79592  4.38776  9.33995e+06
5  4.38776  8.15963e+06
-5  4.59184  6.79432e+06
-4.79592  4.59184  7.81723e+06
-4.59184  4.59184  8.86502e+06
-4.38776  4.59184  9.92043e+06
-4.18367  4.59184  1.09653e+07
-3.97959  4.59184  1.19809e+07
-3.77551  4.59184  1.29489e+07
-3.57143  4.59184  1.3852e+07
-3.36735  4.59184  1.46744e+07
-3.16327  4.59184  1.54027e+07
-2.95918  4.59184  1.60267e+07
-2.7551  4.59184  1.65395e+07
-2.55102  4.59184  1.69384e+07
-2.34694  4.59184  1.72252e+07
-2.14286  4.59184  1.74055e+07
-1.93878  4.59184  1.74894e+07
-1.73469  4.59184  1.74901e+07
-1.53061  4.59184  1.74241e+07
-1.32653  4.59184  1.73095e+07
-1.12245  4.59184  1.71653e+07
-0.918367  4.59184  1.70106e+07
-0.714286  4.59184  1.68628e+07
-0.510204  4.59184  1.67375e+07
-0.306122  4.59184  1.66468e+07
-0.102041  4.59184  1.65994e+07
0.102041  4.59184  1.65995e+07
0.306122  4.59184  1.66472e+07
0.510204  4.59184  1.67382e+07
0.714286  4.59184  1.68639e+07
0.918367  4.59184  1.70119e+07
1.12245  4.59184  1.7167e+07
1.32653  4.59184  1.73115e+07
1.53061  4.59184  1.74264e+07
1.73469  4.59184  1.74928e+07
1.93878  4.59184  1.74924e+07
2.14286  4.59184  1.74089e+07
2.34694  4.59184  1.72289e+07
2.55102  4.59184  1.69424e+07
2.7551  4.59184  1.65437e+07
2.95918  4.59184  1.60312e+07
3.16327  4.59184  1.54075e+07
3.36735  4.59184  1.46793e+07
3.57143  4.59184  1.38571e+07
3.77551  4.59184  1.2954e+07
3.97959  4.59184  1.1986e+07
4.18367  4.59184  1.09703e+07
4.38776  4.59184  9.92542e+06
4.59184  4.59184  8.86987e+06
4.79592  4.59184  7.8219e+06
5  4.59184  6.79877e+06
-5  4.79592  5.59065e+06
-4.79592  4.79592  6.47163e+06
-4.59184  4.79592  7.37771e+06
-4.38776  4.79592  8.29413e+06
-4.18367  4.79592  9.20526e+06
-3.97959  4.79592  1.00952e+07
-3.77551  4.79592  1.09482e+07
-3.57143  4.79592  1.17494e+07
-3.36735  4.79592  1.24853e+07
-3.16327  4.79592  1.31446e+07
-2.95918  4.79592  1.37183e+07
-2.7551  4.79592  1.42004e+07
-2.55102  4.79592  1.45886e+07
-2.34694  4.79592  1.48835e+07
-2.14286  4.79592  1.50896e+07
-1.93878  4.79592  1.52145e+07
-1.73469  4.79592  1.52685e+07
-1.53061  4.79592  1.52644e+07
-1.32653  4.79592  1.52164e+07
-1.12245  4.79592  1.51395e+07
-0.918367  4.79592  1.50482e+07
-0.714286  4.79592  1.49565e+07
-0.510204  4.79592  1.48764e+07
-0.306122  4.79592  1.48174e+07
-0.102041  4.79592  1.47862e+07
0.102041  4.79592  1.47864e+07
0.306122  4.79592  1.48178e+07
0.510204  4.79592  1.4877e+07
0.714286  4.79592  1.49575e+07
0.918367  4.79592  1.50495e+07
1.12245  4.79592  1.5141e+07
1.32653  4.79592  1.52183e+07
1.53061  4.79592  1.52665e+07
1.73469  4.79592  1.52709e+07
1.93878  4.79592  1.52172e+07
2.14286  4.79592  1.50926e+07
2.34694  4.79592  1.48868e+07
2.55102  4.79592  1.45921e+07
2.7551  4.79592  1.42042e+07
2.95918  4.79592  1.37222e+07
3.16327  4.79592  1.31487e+07
3.36735  4.79592  1.24896e+07
3.57143  4.79592  1.17537e+07
3.77551  4.79592  1.09526e+07
3.97959  4.79592  1.00996e+07
4.18367  4.79592  9.20961e+06
4.38776  4.79592  8.29838e+06
4.59184  4.79592  7.38184e+06
4.79592  4.79592  6.47558e+06
5  4.79592  5.59439e+06
-5  5  4.53596e+06
-4.79592  5  5.28916e+06
-4.59184  5  6.0676e+06
-4.38776  5  6.8587e+06
-4.18367  5  7.64914e+06
-3.97959  5  8.42532e+06
-3.77551  5  9.17384e+06
-3.57143  5  9.88196e+06
-3.36735  5  1.05382e+07
-3.16327  5  1.11326e+07
-2.95918  5  1.16575e+07
-2.7551  5  1.21076e+07
-2.55102  5  1.24803e+07
-2.34694  5  1.27759e+07
-2.14286  5  1.29974e+07
-1.93878  5  1.31505e+07
-1.73469  5  1.32432e+07
-1.53061  5  1.32852e+07
-1.32653  5  1.32875e+07
-1.12245  5  1.32615e+07
-0.918367  5  1.32189e+07
-0.714286  5  1.31702e+07
-0.510204  5  1.31248e+07
-0.306122  5  1.30902e+07
-0.102041  5  1.30717e+07
0.102041  5  1.30718e+07
0.306122  5  1.30906e+07
0.510204  5  1.31254e+07
0.714286  5  1.3171e+07
0.918367  5  1.322e+07
1.12245  5  1.32629e+07
1.32653  5  1.32891e+07
1.53061  5  1.32871e+07
1.73469  5  1.32454e+07
1.93878  5  1.3153e+07
2.14286  5  1.30001e+07
2.34694  5  1.27788e+07
2.55102  5  1.24834e+07
2.7551  5  1.21108e+07
2.95918  5  1.16609e+07
3.16327  5  1.11362e+07
3.36735  5  1.05418e+07
3.57143  5  9.8857e+06
3.77551  5  9.1776e+06
3.97959  5  8.42907e+06
4.18367  5  7.65282e+06
4.38776  5  6.86228e+06
4.59184  5  6.07105e+06
4.79592  5  5.29244e+06
5  5  4.53905e+06
